68.99722006  
262.3610344  
749.7149961  
211.8785683  
11301.08736  
2049.803596  
242.3133936  
150.2790599  
1113.373958  
203.9793078  
510.0863371  
69.64535802  
770.0044598  
3.168421788  
90.16629761  
1480.635934  
1455.337336  
141.4846773  
30.29215986  
93.32747739  
300.8425488  
53.8292425  
185.1628141  
709.4946388  
250.5028514  
26.20360543  
73.50311227  
99.55119568  
251.2972464  
303.7938055  
4.005998379  
226.5330107  
86.79606391  
118.9765961  
76.63776329  
37.89420548  
287.3826962  
242.2213418  
191.0326724  
59.43813301  
101.4477955  
13.98300034  
177.5513937  
78.52651616  
61.63665512  
197.9689605  
39.99386663  
302.5216924  
41.04513874  
22.0271693  
312.0411965  
263.2329167  
135.5905375  
211.2046438  
51.17936598  
73.17469367  
7.286193622  
1.407625515  
77.33871343  
33.10349713  
6.280555989  
8.275690526  
5.977612179  
16.01893754  
12.2694002  
25.67253379  
67.78520161  
43.75951033  
15.69820625  
9.444644441  
21.26333663  
23.84125612  
8.42378101  
1.947229485  
21.21706278  
111.2400483  
5.814646111  
14.39347223  
1.224616574  
51.78039344  
2.797709519  
37.98750051  
6.775265759  
13.73744645  
0.5902655569  
7.844911877  
3.772678036  
14.79281092  
7.159036238  
4.675934835  
4.43004286  
5.119270927  
30.51687064  
35.91714304  
0.3255237208  
0.9732572926  
14.40233868  
13.03830518  
5.642442241  
20.28641525  
8.816629701  
4.342978331  
5.905194182  
6.66193709  
33.28643792  
10.34709089  
33.22502596  
1.965931926  
8.300504942  
9.974972756  
32.88371826  
33.95082277  
5.907295587  
8.56238914  
25.89162672  
3.984296216  
3.062749161  
9.038053478  
