135.1631182  
470.3790205  
154.3111145  
1148.300997  
1021.080781  
216.8332074  
1705.252735  
702.2126594  
467.835046  
285.5216741  
771.4830911  
68.1318019  
285.8376919  
1870.14181  
2552.45558  
701.9399593  
999.5298019  
372.8046147  
781.4240405  
633.1318428  
497.0273088  
722.9720044  
370.6775266  
392.2858801  
75.84643253  
239.434864  
383.6449946  
122.2927814  
10.41476262  
249.7944816  
673.4555269  
258.6322763  
106.5248452  
153.8289956  
753.3260192  
21.82356939  
1210.555383  
515.4459321  
29.85417353  
122.0135404  
88.00950637  
24.732371  
98.27506297  
889.964467  
332.1836001  
222.3776003  
101.2738172  
18.63500997  
9.469484286  
26.38667854  
96.25153495  
40.39943408  
440.6939678  
427.8197638  
23.22692491  
372.3218121  
364.6744644  
24.54416962  
16.41203973  
175.5392733  
56.80138847  
106.1832826  
26.64327116  
8.438030743  
87.30246532  
63.53647515  
0.05172142647  
12.90866954  
29.96307654  
39.5664891  
45.04696133  
8.056832382  
106.5054665  
12.33600653  
4.997489099  
66.45371533  
8.127502996  
16.10535608  
11.68851734  
60.01953287  
2.011926971  
24.0974342  
18.75937997  
103.6522063  
40.50641593  
34.39409968  
12.54058987  
1.055155063  
50.55981942  
7.427880825  
33.12893721  
8.991301629  
1.94642793  
36.94603375  
33.32592389  
30.26184115  
11.74539929  
6.885075149  
35.4855386  
30.42397506  
10.46721907  
8.041973904  
1.8190028  
0.3999694265  
24.50017664  
1.036042932  
10.94220492  
7.333586233  
12.94032788  
22.85046645  
40.06405061  
10.48783212  
37.99583615  
113.3890651  
7.006213147  
18.183343  
10.18749436  
101.3294301  
