0.01832686072  
224.0462286  
1167.258488  
784.6007001  
6491.275173  
134.1591673  
178.8824645  
123.5544188  
79.53604835  
397.1801875  
382.4688659  
287.5523476  
187.7933767  
111.1356411  
1383.661034  
73.50080323  
50.6062555  
56.21875843  
162.4597921  
27.71430851  
48.84099918  
281.4042089  
89.53423028  
258.0557673  
24.76420181  
88.62477953  
332.971959  
436.2451356  
16.26005336  
222.8741217  
232.7591676  
88.71838254  
399.4665963  
57.35256803  
15.24163584  
249.9688611  
86.19975445  
262.7823564  
53.40145942  
137.7126809  
11.47105457  
116.1553709  
762.4771524  
118.4926232  
104.2947799  
454.2213059  
194.4984703  
758.9372058  
27.40826654  
231.987044  
952.6478117  
448.9305263  
1407.031489  
813.4612913  
35.333344  
680.0929385  
8.606945038  
22.17370678  
98.43378792  
56.27303669  
263.4087161  
6.781688228  
24.08797806  
3.261908813  
44.82175624  
56.00632364  
150.9321765  
130.0472126  
6.474285604  
0.3215232858  
6.650186224  
166.7556911  
45.06698893  
41.5963347  
6.882031775  
204.0237115  
6.532641647  
92.17242458  
35.5051049  
93.76992747  
5.105824009  
80.10507958  
45.56035441  
16.82619333  
17.75295749  
87.39027224  
20.67076048  
3.987610118  
18.30115903  
7.14960684  
84.8391695  
1.656316572  
60.93230692  
129.5795088  
12.19135203  
3.393998963  
10.05542131  
53.4481126  
14.51358817  
157.2790008  
42.10654548  
40.35624128  
53.60687391  
4.916948079  
236.3638977  
168.2154055  
183.3364258  
85.77989424  
171.0792838  
337.940488  
330.2750541  
122.1195296  
75.15664907  
465.0668502  
115.255255  
45.40949446  
23.67827664  
47.54045108  
