111.5911413  
4.985145622  
254.5849963  
21.86333948  
1576.092982  
39.74486832  
725.9202814  
123.6379708  
7.645426749  
118.5306846  
76.82550277  
155.001183  
2.828608789  
7.194285223  
133.2607324  
445.3611313  
169.4686756  
119.5179247  
16.02530333  
27.57606205  
22.8394764  
139.8605025  
272.7228179  
136.6834382  
93.86558262  
284.8145436  
150.0131943  
25.07096698  
165.1290259  
22.6932371  
167.4669723  
164.5600759  
106.083718  
80.73477145  
7.643263466  
253.7772119  
59.77642457  
102.363856  
8.139464846  
9.736568956  
78.91324411  
299.3848054  
80.48225631  
68.44490509  
0.6099523722  
25.48270584  
65.14146002  
115.8467159  
9.456784843  
45.55824337  
121.9998722  
289.8872861  
16.49133034  
22.58625813  
0.5711579604  
42.32628514  
0.8887803828  
15.500491  
16.27864302  
22.61349478  
50.3892589  
150.8728767  
42.82097337  
288.1269374  
28.73479155  
11.72312316  
21.23919511  
188.3038998  
0.1596668954  
13.69042381  
19.73688359  
66.12374331  
92.8972631  
513.0494555  
80.86640787  
87.68440926  
0.5153700909  
212.9103165  
2.778774758  
78.90876757  
113.0537545  
100.9751022  
0.2173526625  
12.02338223  
93.43426819  
14.77967354  
376.6757816  
4.838635543  
135.7366262  
185.0113812  
61.21676277  
119.5959291  
123.5709057  
164.786253  
147.3403314  
134.1733745  
118.7214186  
20.48109306  
156.8535309  
149.2728497  
263.2003217  
67.36198632  
273.9853607  
500.2775426  
565.3527218  
1190.485112  
1816.657929  
114.1758601  
1452.008276  
2144.987624  
1283.366104  
625.872322  
450.8539484  
2600.869459  
829.1538918  
1126.120361  
358.0130562  
265.7422947  
