341.4223328  
954.2021174  
2011.751282  
548.8826355  
411.9694786  
1107.923163  
418.9711308  
11.19864569  
286.9136341  
394.7920829  
490.7282364  
111.0221964  
1073.38653  
170.9635474  
152.54633  
95.85131219  
44.36911396  
360.8765684  
113.1609885  
71.81335682  
398.0331046  
392.9544422  
146.709596  
340.2063808  
147.5264794  
34.55643575  
178.5989253  
25.00323179  
32.40352833  
437.375238  
51.0630831  
1.970916424  
15.55767216  
57.44977496  
124.9709888  
369.0141441  
455.1649479  
75.41521659  
56.39866913  
176.3423872  
124.2724633  
54.12091785  
52.75635987  
54.72095696  
76.64937916  
27.11205079  
36.56100781  
69.77716453  
40.89361151  
39.53979541  
91.44295585  
87.38250177  
69.43032536  
50.31338154  
12.46149305  
36.19892084  
71.69302497  
17.92227592  
29.81688192  
0.8021866932  
10.57746157  
36.74932065  
7.525623753  
8.216348506  
123.2588561  
62.68743106  
117.2375595  
141.0329925  
31.6203219  
8.639127913  
74.71960607  
98.95783862  
33.97901074  
55.93226033  
2.687128212  
7.908981381  
69.4442447  
42.96732512  
6.309796833  
99.6763714  
28.35009658  
37.46415124  
19.06323169  
100.2560347  
165.9512343  
4.275062005  
48.76659591  
47.90033036  
66.08579164  
43.89571328  
39.09771518  
97.22681227  
272.3867371  
71.52032954  
122.2385522  
165.0766653  
59.02450087  
737.3673989  
791.0067837  
178.5335383  
63.08143776  
54.76666192  
47.59879594  
1038.226096  
289.1039637  
509.3432693  
371.11922  
108.0534485  
796.8282362  
384.1350661  
1651.285637  
416.7275907  
81.20311219  
508.2228266  
318.8599729  
1891.22227  
1330.761424  
1.037178589  
