19.41436431  
207.6994886  
542.3381867  
3818.277812  
1231.965948  
3400.040482  
1280.722945  
802.0166546  
326.8593125  
542.115145  
376.6744977  
128.5069218  
430.9390894  
1354.688673  
209.1250359  
2.13114673  
892.3918001  
107.3568133  
209.090049  
298.665994  
798.1274374  
110.2569497  
253.9097511  
26.56684505  
903.9444948  
332.0140255  
171.2751272  
633.3867634  
89.4848847  
65.70643374  
236.1910522  
112.125355  
581.3951802  
269.0415535  
285.1324527  
139.8668799  
131.7933653  
92.1967727  
238.2791096  
281.7927614  
347.3353552  
16.41642197  
212.5416217  
516.9275414  
359.8682328  
149.0213448  
89.23470218  
1.723606525  
49.3980252  
24.27417703  
161.7304416  
312.1994107  
371.3356648  
240.0756257  
534.8121965  
6.21973296  
59.81545435  
17.82082568  
119.8975885  
20.59167704  
147.0131424  
93.6156213  
1.824464269  
55.36566823  
129.8110624  
52.05114706  
10.87774753  
15.94314747  
77.47709394  
106.4096343  
47.88729013  
14.22269091  
40.1679623  
27.99027062  
40.00890918  
11.0502451  
61.62698616  
45.54852678  
10.6213198  
12.54861125  
32.59973725  
201.9029153  
0.555589043  
16.5639153  
6.771766835  
79.57275467  
90.92336414  
2.540858221  
15.77727396  
47.34702829  
73.60227478  
2.565019277  
47.94234429  
22.02020157  
36.67249386  
20.71634925  
10.96627092  
7.047232346  
13.70873427  
11.72105631  
45.70580596  
0.7210756962  
50.66286515  
26.20284311  
9.136751346  
48.35021052  
56.86099635  
0.1214559416  
17.41145881  
38.35796594  
46.73184534  
24.93783733  
10.58878142  
15.42599524  
18.81453065  
22.65419971  
1.681958117  
14.61500376  
