102.9283681  
509.5242182  
953.6902085  
2582.063143  
3170.151289  
4126.612358  
760.9627889  
1856.053909  
371.7440843  
364.8883868  
940.8572666  
580.3968909  
475.2207146  
496.3666809  
663.771331  
183.471855  
100.2052575  
213.6748221  
410.6879807  
127.5113118  
357.3845596  
442.192473  
365.4438047  
306.8788249  
859.7548294  
132.8362563  
17.76398053  
64.50411797  
25.27235338  
94.11464132  
51.31763823  
379.9390472  
130.3582386  
34.02889076  
358.637818  
34.81305829  
92.46243448  
385.1454568  
395.4256517  
26.17749034  
149.8492564  
72.98682409  
85.5585933  
29.00267567  
5.114387436  
13.70012061  
35.83091647  
226.8169075  
53.40297659  
1.66998761  
109.8238502  
177.4888304  
436.6004396  
46.630282  
168.7238448  
70.19477758  
62.06178309  
9.087224588  
65.73103335  
68.45294294  
82.68134763  
31.62693426  
18.12025816  
20.76754676  
107.1069577  
22.09484602  
39.1131563  
18.65677234  
11.629738  
0.6328397916  
66.6974186  
120.8921933  
21.24490044  
49.97687381  
2.772927832  
74.06168963  
99.42814942  
26.42621063  
15.14902755  
14.44892708  
46.27487188  
19.3092006  
1.664467745  
22.64354784  
49.45561715  
1.629697651  
33.78636427  
40.38994409  
12.58712656  
35.54954576  
29.02332936  
9.118383155  
79.91908825  
42.04486305  
12.02597139  
26.59669163  
45.29569102  
22.30150766  
50.14527612  
30.66758881  
8.174779985  
8.898744018  
20.10047612  
6.802640687  
132.5484583  
132.442882  
55.63509347  
12.84165478  
59.56381266  
151.8348646  
83.6766071  
29.69748253  
5.633357877  
66.46905169  
22.00583517  
38.94344705  
5.377559136  
2.867357404  
