39.13005146  
203.5287855  
181.0084574  
344.69145  
2451.184751  
2100.20896  
33.88090531  
2003.724073  
267.8806632  
419.3704686  
519.2106153  
763.2176536  
380.0061789  
1169.103074  
1524.93953  
85.5987296  
336.5019327  
130.9176283  
54.087856  
445.9504379  
181.7503202  
699.6648695  
99.65143676  
284.4365537  
2566.650879  
142.7359444  
181.9093438  
373.944942  
254.6144315  
564.7571071  
98.07154374  
396.1513824  
150.2084309  
887.1384778  
101.8853798  
3.768129125  
575.8752786  
107.8052156  
163.6460848  
154.8155211  
31.51191433  
310.3241918  
134.916462  
351.6605979  
239.1493446  
78.5802019  
188.3363175  
210.5286429  
51.72826304  
162.0005517  
263.8612782  
12.74949982  
425.1068106  
367.6573535  
133.9350672  
273.9444046  
128.5635207  
8.340989874  
312.3446867  
6.32400392  
214.4996619  
68.42344416  
75.13300905  
18.81954586  
48.53200607  
78.5159913  
27.01101278  
26.7576679  
49.73314083  
19.32049055  
133.639808  
2.005318915  
14.90901739  
227.288574  
32.97295803  
28.60303805  
14.37662263  
26.22294416  
10.91996595  
57.50438464  
27.23006204  
23.09572862  
63.81649661  
24.24852516  
18.24432737  
13.66679162  
9.108940274  
7.876408228  
2.686743032  
29.26867834  
1.423057418  
57.02768184  
66.03887538  
80.48558585  
58.81826194  
13.10473593  
88.44909176  
0.7985662008  
6.742579531  
1.737606416  
97.79277427  
14.42915106  
5.689612395  
113.5651803  
14.77653721  
77.08411928  
22.20062469  
0.05727923856  
39.80203701  
59.13477414  
11.65287796  
44.72408022  
43.66045833  
77.07049674  
42.12671592  
124.0178959  
30.65837658  
14.62417536  
