29.58069932  
4.660479173  
28.14107349  
201.2632385  
105.468034  
28.62002619  
232.7023979  
359.9962045  
164.2758605  
126.3428287  
18.81831096  
255.0826374  
20.15566963  
54.04220564  
1.024576715  
74.80349288  
82.55164876  
141.9357894  
135.8205092  
25.85210347  
196.3871849  
126.6697003  
74.78967609  
74.42988344  
470.3978382  
50.7291017  
106.2725786  
363.1639595  
120.7848889  
275.8009777  
15.33530618  
103.7353964  
128.9933935  
13.74908072  
23.91105527  
27.61213647  
30.31182408  
24.93774263  
9.289642828  
97.67625173  
20.13416987  
11.48019673  
119.2357357  
6.263891864  
98.88844028  
11.51164045  
79.69572903  
221.2619359  
19.47586374  
169.5205611  
34.93098812  
100.0206914  
93.00125532  
353.7299107  
6.070701923  
19.48652224  
140.6889964  
2.157777572  
66.81945806  
3.144498374  
63.29485664  
6.612647669  
67.49742177  
14.11668228  
6.026815324  
15.55525038  
47.13499876  
115.0613294  
12.77679376  
6.203945782  
73.07658225  
33.23210982  
135.2867358  
63.86356919  
8.155816102  
146.9191528  
22.81160946  
17.28105875  
103.0648408  
51.6377511  
9.128559522  
16.84773322  
1.934685241  
268.1367158  
10.16980423  
3.486786697  
720.0462893  
102.6102587  
97.70045531  
205.7002006  
35.02042216  
164.2242093  
10.32125823  
70.69788303  
698.2086656  
26.81377341  
190.9110229  
241.2771484  
195.0202716  
754.2265176  
179.7404884  
85.81668474  
132.9976261  
643.1978591  
206.6412248  
846.5562835  
2614.474823  
195.1851969  
1022.269137  
1995.236435  
1099.796016  
667.5941645  
1244.056513  
1747.46225  
1047.311661  
2371.245307  
646.7482949  
295.8860703  
