77.66855748  
211.6433387  
786.2984054  
278.4350516  
673.8742872  
1.251256227  
33.97930348  
335.4929144  
207.6910806  
2209.990714  
40.03036806  
762.3952706  
1174.487678  
1859.574678  
832.139443  
1074.286243  
385.8228293  
834.5334643  
29.70024148  
499.0840971  
274.9017332  
188.0526482  
497.7552504  
794.8964923  
1037.247096  
8.564029152  
68.50574615  
188.5675357  
510.172944  
619.9046401  
71.48728915  
84.44299691  
410.3740016  
293.8816402  
192.1749146  
31.83692239  
88.53870836  
288.8968877  
48.23436099  
135.3992499  
145.8602756  
37.38807793  
159.1505351  
192.8564488  
31.14048496  
69.95935122  
48.58471622  
382.0593199  
198.0619246  
25.03553292  
29.04786741  
119.5059075  
335.8718441  
8.962135477  
11.72890496  
205.6833584  
40.66644807  
43.2561873  
130.2627448  
61.85090454  
182.2905826  
33.95329323  
53.86036093  
5.840801867  
75.09876216  
3.075188659  
78.00900826  
43.38551854  
5.90855085  
61.75456182  
160.6455284  
38.05256683  
136.8837698  
6.405473576  
30.86874618  
443.0121999  
33.49848166  
85.04861448  
49.15376387  
32.04235354  
157.8716969  
20.17889301  
115.8977166  
9.58693612  
37.13481572  
84.04967942  
137.8043421  
19.51026432  
13.18072967  
8.453728339  
7.928857132  
294.0845662  
23.1833663  
95.65279339  
18.43825082  
64.63739108  
11.16293038  
22.90012168  
60.1450579  
126.298365  
46.15784569  
189.7633037  
67.34778032  
183.4178084  
244.3799451  
326.8979804  
410.3973365  
75.20470123  
165.9376783  
569.0768174  
532.0204773  
167.1137966  
426.7703369  
541.4513968  
134.8444406  
311.0863726  
26.57013667  
11.05187852  
