10.16011528  
44.97778852  
157.86379  
56.88933151  
4195.425508  
853.8520961  
485.7037049  
131.7718039  
232.8683593  
10.36577409  
4117.645052  
821.2363756  
309.8707525  
795.4985648  
173.4797181  
231.1272422  
306.0401231  
247.3958898  
633.5911627  
228.3768063  
390.9533672  
271.6791067  
9.49017566  
56.95148691  
534.9602634  
189.6675972  
480.674754  
246.4214998  
139.5860349  
96.02289623  
322.5478711  
82.4958368  
627.5885118  
122.5655168  
401.9776327  
51.78532472  
377.3497958  
175.3640637  
77.44326541  
668.7568706  
29.69908485  
22.09100643  
32.86127072  
59.70862042  
544.8758257  
28.82307219  
149.8106346  
1022.022644  
4.005297712  
29.69873974  
321.6501239  
193.1104079  
318.9223174  
35.88592278  
207.9166788  
467.0028914  
37.46250696  
119.4147829  
50.32099286  
12.46654225  
275.1021392  
30.89928643  
58.31069852  
124.9250465  
13.57369034  
37.99443375  
88.40324349  
112.9002937  
37.73867254  
110.7794455  
201.818288  
288.4898155  
16.85385926  
97.50428892  
2.629062998  
88.62148981  
49.23762202  
129.7840951  
75.68416354  
25.28775925  
56.30543325  
58.73648947  
39.08354859  
101.449054  
20.17008276  
49.58303878  
65.98803599  
109.1925726  
82.96611646  
37.59550624  
19.58171734  
19.59330803  
48.31129025  
5.432716372  
22.16054225  
32.98204899  
21.16950109  
63.90492558  
0.8712336344  
17.68519183  
157.5707768  
37.91384935  
17.76197481  
52.24462177  
90.35437897  
67.3293484  
299.4573447  
90.64802908  
82.01612466  
229.0090049  
55.80230356  
76.63098934  
51.23562785  
279.4321265  
158.8925983  
82.38901773  
6.878055937  
197.9257729  
