229.930208  
255.5885133  
618.1453008  
128.2227533  
454.1052147  
571.7683971  
145.2845335  
85.82479833  
97.02418639  
66.24287798  
244.8653061  
29.31827508  
18.85954071  
103.4951487  
31.32778432  
18.13860135  
3.220856139  
20.609498  
67.13458504  
124.520944  
248.9039807  
26.09972231  
141.7612242  
186.6629919  
296.3655142  
115.4705196  
53.57945706  
1.220867386  
36.13124998  
25.21148924  
8.61412516  
58.61216111  
17.45282917  
31.37066132  
0.06265714836  
154.3645299  
240.664886  
12.58103724  
175.0564944  
116.4833561  
5.727313324  
13.33743317  
40.59164095  
20.68263987  
156.088874  
100.3257774  
26.70637154  
43.99295843  
20.25798612  
35.87097469  
5.382624592  
43.23010917  
54.24464597  
134.4345758  
40.63681809  
53.33467532  
254.1531639  
7.803359422  
0.8802573571  
36.76951207  
29.68189299  
60.85782133  
81.84392842  
84.16494362  
92.24109605  
64.79905438  
30.65842063  
148.2680902  
17.48154566  
27.15128077  
72.13496147  
5.470853575  
18.84643581  
127.1633658  
19.6251674  
223.8718517  
29.34017899  
74.15961499  
76.77545878  
55.01269464  
235.815491  
185.1166816  
262.6735952  
130.4499956  
142.8211519  
26.08616398  
270.0596691  
14.98588826  
130.872943  
184.3879234  
27.15343451  
31.26461204  
81.38345283  
66.57988522  
25.97934083  
74.1833828  
184.9980479  
264.9429952  
57.59582526  
228.1124467  
94.00858627  
450.5166365  
75.34493468  
259.3557259  
1378.706831  
1553.232731  
2139.952019  
168.0243944  
828.735363  
2195.255144  
4529.183303  
111.6428694  
701.3019513  
1954.473631  
196.5454354  
591.223002  
159.9302924  
45.61355534  
