8.961523073  
54.60797685  
1153.434686  
642.8141613  
3870.518467  
199.6540638  
2425.257198  
212.3498538  
1211.737028  
689.8567553  
549.3500374  
643.7648378  
1266.00937  
306.0694067  
782.374713  
5.746544617  
1212.530126  
32.3752065  
278.4542375  
18.28462147  
37.85405506  
569.5789729  
593.2224273  
28.35055017  
386.0615003  
236.8236584  
1112.097521  
90.89446018  
202.1160283  
52.64784284  
34.36612212  
107.6731816  
115.3445035  
316.7107724  
149.5572268  
68.156914  
967.9535247  
11.79080305  
8.721654532  
320.7024131  
276.9345416  
74.16140831  
148.0481474  
239.9120235  
131.2264257  
133.8046097  
22.49623781  
669.5651752  
6.61817111  
93.85217798  
405.3381352  
241.086517  
822.6627952  
91.35783693  
5.981105725  
110.1476547  
140.1006012  
28.17851496  
17.87557379  
19.01687001  
42.79471905  
104.5903334  
24.25048559  
129.3850237  
11.392783  
48.77253925  
22.80692896  
139.8354423  
76.34122154  
21.24396181  
65.30645327  
6.935722492  
3.984618038  
116.1549672  
108.2545414  
90.49142986  
100.5369921  
13.55441053  
9.524427974  
81.24496602  
30.59069224  
1.026665487  
0.8739432015  
21.93842092  
30.19669585  
77.51613107  
48.36478294  
54.62174306  
114.9138774  
11.99103013  
11.20010734  
14.66863461  
8.212551857  
23.5361882  
14.83589116  
31.87777941  
30.91580948  
35.09298959  
38.980733  
17.72589507  
65.76287646  
39.18766621  
46.77875945  
76.98964984  
32.87280683  
51.51359043  
140.4648971  
6.691991786  
79.75442675  
41.32914302  
60.9996273  
58.94085813  
135.8504591  
219.4684606  
42.83027102  
59.35211881  
19.25955881  
124.6616781  
