138.3449338  
205.7972734  
359.2249375  
2726.892721  
227.4754977  
942.8147697  
491.8845158  
433.6015912  
593.3243883  
779.6917091  
153.1529058  
402.9950249  
118.8099339  
643.4372305  
592.2624241  
766.1227365  
1885.214343  
179.8489482  
963.4577046  
587.4626015  
480.4462337  
106.7082965  
792.1876146  
499.1988974  
1089.025102  
84.97706463  
8.273229089  
415.1671073  
150.2295563  
216.9993549  
679.2668041  
87.52659598  
203.1846367  
289.5314819  
9.803974175  
431.2537623  
284.205927  
181.5971315  
576.7021285  
221.1843126  
28.55102426  
229.6272623  
718.203142  
352.9544123  
227.9488103  
483.1830224  
336.8823545  
17.06167908  
96.29364766  
34.85068018  
381.0449895  
368.5532953  
176.4084951  
355.377118  
31.57483202  
57.39615833  
224.6270869  
60.23697105  
119.6712016  
217.8900145  
180.8374483  
33.88545784  
52.1913661  
48.47594935  
3.252796131  
128.9309035  
212.28052  
49.9977616  
113.6913372  
226.4055796  
48.96004116  
18.45283225  
68.14609579  
50.68869421  
39.78429889  
2.585190378  
21.63861604  
0.7283422657  
1.925180073  
22.56998154  
153.6849447  
20.10969866  
47.9977382  
231.9739777  
31.22506573  
106.7152074  
59.75894911  
22.00418496  
26.15849468  
16.89287525  
15.58006637  
81.62844303  
0.01069181391  
14.2637061  
79.31368923  
3.052155009  
1.528999791  
5.436850552  
38.39822205  
5.110788146  
8.70854725  
43.79713225  
28.61271322  
45.59013062  
90.10869865  
85.7021898  
160.7334068  
30.86303191  
28.2191948  
53.29062799  
86.74628002  
71.59737479  
46.35686202  
13.81682195  
25.53483361  
77.12595779  
6.385496712  
45.8319214  
