10.61794485  
47.46792699  
67.80420087  
25.30024704  
38.33977282  
1.469523216  
34.81729204  
88.0652035  
93.46455191  
345.0390488  
487.847491  
372.8195455  
1316.875246  
716.610389  
114.9451854  
593.3731936  
260.3087966  
157.4301618  
329.0582418  
409.6931135  
8.440001545  
123.0358378  
514.4650247  
330.3106431  
593.3613331  
183.1942395  
21.34512322  
1100.465581  
173.7673311  
684.3350518  
264.8805032  
33.20078252  
518.8860128  
443.4789045  
153.7925096  
168.3853459  
574.0053201  
153.8897338  
486.576535  
40.46528258  
323.047257  
338.0648717  
344.7352223  
126.3515364  
35.65560519  
158.4129728  
387.7331909  
457.6523675  
178.4955593  
43.6581058  
140.4789337  
383.0973416  
590.8599584  
132.4328229  
18.8939922  
50.67664312  
295.0122601  
245.4363828  
472.6013454  
156.4292404  
154.6311119  
233.8535387  
115.5555831  
78.0861524  
255.6813462  
14.392296  
336.6960519  
89.72217559  
75.61420146  
70.64951875  
194.1897563  
48.2374754  
341.9521196  
113.9826273  
114.411962  
89.108707  
104.5532502  
151.4675179  
219.2530936  
131.5661157  
27.78951275  
150.5974832  
50.40663098  
37.3792619  
92.83259852  
88.74090415  
296.8177625  
7.470625678  
4.218567421  
227.0710532  
29.10457086  
94.2255318  
56.56483927  
151.3357994  
199.5045435  
170.9407203  
134.3634645  
200.7006377  
214.9398649  
284.9674083  
2.661476504  
209.3628535  
0.745734962  
145.8553024  
65.87839542  
269.994586  
168.1048627  
163.4956837  
444.1175736  
722.171977  
449.2648553  
394.0193111  
304.6193151  
391.6610786  
194.9988065  
561.0845501  
499.0157938  
656.0353587  
