94.60363708  
154.5383659  
104.3861089  
500.9925434  
2747.831936  
723.9159019  
1530.010833  
341.9190174  
2583.480331  
17.42499163  
557.1437533  
508.8534696  
3058.653939  
385.611673  
443.3743761  
163.8254879  
1160.610686  
226.3446177  
117.0313133  
293.06458  
360.6785293  
89.19485207  
114.8541496  
170.7283089  
528.4959928  
245.3853963  
839.5523576  
220.1648778  
7.139065928  
639.2211513  
165.4527708  
166.0244124  
69.81470292  
209.9309266  
276.4876431  
32.5932367  
86.52184974  
5.529874154  
131.1257426  
727.6315368  
278.8883511  
205.4793159  
363.8600255  
7.751867872  
29.55844257  
346.2862229  
558.7518071  
210.9171602  
2.190958344  
320.0958268  
36.0161398  
630.9120906  
52.93759027  
83.14284996  
122.913599  
131.9189891  
40.02466885  
466.5350074  
74.02718079  
2.291627434  
12.9869657  
38.65765823  
29.57198585  
240.9781436  
100.246849  
11.1715534  
6.383422962  
9.40171123  
102.913283  
84.01059801  
99.47470995  
53.09310786  
26.74714076  
59.94995283  
80.77791747  
11.01221514  
66.34376679  
2.786633772  
49.24385333  
68.03595224  
3.089156071  
5.327530191  
1.048908563  
11.80375508  
41.70126618  
40.697226  
99.34330668  
21.35574905  
11.64136545  
81.62478751  
40.44391423  
10.81244474  
23.65574743  
15.83403968  
13.88746573  
7.747611665  
20.91635306  
8.660384487  
18.742993  
28.30308255  
71.60925869  
9.702735455  
36.43143666  
13.99971347  
16.66298699  
75.61513038  
126.1802317  
28.69198913  
52.8071693  
166.3612798  
49.91575176  
112.275932  
83.80338692  
146.9773915  
120.9762523  
120.4463248  
63.05455094  
18.8386202  
