11.15994841  
11.61838397  
63.91833452  
102.7787012  
390.6125653  
99.75125492  
84.37449636  
208.9687056  
720.3265983  
540.4420155  
475.121692  
72.28547494  
1603.40032  
917.8319392  
330.8018484  
1385.055548  
319.2194466  
271.0941898  
199.690883  
583.9818644  
298.0476489  
198.9561823  
178.7766777  
802.7879957  
260.7608716  
7.726432383  
243.6051785  
451.6659293  
229.6518737  
178.3530215  
291.262565  
103.614526  
921.4096556  
490.5510513  
60.92186721  
233.1573878  
330.2278334  
242.0380443  
130.5371419  
22.70721253  
47.16606372  
20.96087071  
692.1178994  
60.4340406  
237.3130117  
347.5578473  
548.3341901  
571.0848846  
107.0685068  
143.3472138  
418.2330862  
720.6281311  
1452.81599  
528.9803534  
57.60791998  
259.7957105  
298.1432556  
331.9594516  
349.1313868  
80.68426445  
332.2572671  
71.33808744  
17.84525102  
184.3559408  
5.578099265  
114.1103885  
74.74383295  
26.95008167  
174.6441088  
57.87448691  
200.7772179  
96.2040088  
165.661084  
197.6540733  
1.130978376  
312.5415078  
126.9567692  
78.53627829  
10.84337628  
195.4990074  
87.38117969  
273.8902024  
22.90645032  
103.9930129  
4.176133644  
133.7291185  
22.58592952  
20.07470462  
44.89574429  
53.2636947  
102.1046016  
108.3950265  
80.72516698  
0.9130860592  
138.2196607  
45.15738066  
17.13629166  
144.6837154  
92.12489928  
115.2410477  
10.05349842  
7.324549001  
23.78862911  
60.21810346  
377.4000285  
42.11305615  
159.946764  
34.57956309  
156.265476  
207.4961598  
413.3706591  
31.55603902  
15.17415741  
342.2543933  
94.66654745  
142.2055337  
150.914208  
122.0327107  
