15.31646642  
46.20630422  
407.6417533  
35.87774325  
378.4455902  
70.38446321  
1436.733001  
155.2060642  
252.5906578  
1382.749428  
1951.741898  
217.8597304  
115.8107944  
751.2228349  
248.1856331  
3408.150454  
91.049728  
2094.025503  
203.2697255  
386.485164  
804.3347795  
1051.846185  
347.1082756  
492.8627004  
1215.103705  
59.81573201  
900.7428314  
257.0879877  
431.6813441  
79.50873953  
79.53723947  
53.57488595  
222.3268953  
541.4294145  
98.85391381  
105.0370248  
295.8094319  
992.6985348  
807.9442963  
238.9557538  
89.00959869  
104.6707124  
39.59057393  
468.7969329  
242.7958849  
403.8650159  
37.07982682  
59.3581348  
35.47158342  
267.314528  
52.37493675  
56.72219589  
370.6364351  
176.7513118  
475.9059318  
71.36531655  
168.5172373  
135.7698028  
44.2189807  
90.10729769  
68.3193563  
77.18191551  
215.3364486  
94.48898087  
267.0462376  
8.919958916  
30.67279829  
49.42329833  
5.696036632  
36.27652499  
9.867025113  
12.87478964  
6.302283769  
14.20346464  
14.28116649  
4.048470207  
9.273881483  
1.063250368  
11.21739009  
51.11789439  
29.53612976  
64.64243527  
8.509011829  
2.856126596  
16.27868094  
50.38624151  
21.07693988  
18.47313082  
39.93513566  
2.352512493  
5.154553621  
8.659798945  
11.38342942  
8.234178668  
7.655660456  
1.822363163  
45.71147399  
1.827153394  
3.655649029  
44.15819854  
27.92975271  
9.72298704  
5.539242094  
20.27921436  
3.566956331  
12.01210729  
16.37769993  
46.03576945  
19.30728427  
13.04222122  
1.762880196  
4.547096594  
14.31134314  
10.17354572  
15.55836025  
5.060451164  
7.745544888  
3.145439833  
