78.73699318  
185.2586107  
88.05328018  
320.2479589  
1726.691133  
299.9128198  
319.4711877  
1369.622533  
451.5620823  
318.2282548  
219.3421762  
791.0548722  
9.828227617  
1709.356517  
364.859836  
90.30738049  
52.03834445  
274.9205581  
753.1404888  
391.9358638  
150.5642635  
14.91290258  
320.7112784  
38.32024366  
27.10959345  
501.0836711  
225.4718684  
12.1711627  
4.341035209  
1240.25748  
316.3805571  
425.5365027  
142.6158751  
25.15967895  
447.9131551  
326.9766881  
353.2173331  
434.657683  
72.95908485  
152.1719442  
343.5619061  
79.14727775  
209.6482068  
191.6816159  
8.756112886  
22.80724624  
35.8287383  
132.3146755  
299.0955685  
233.7374437  
313.2273258  
564.9741607  
335.6844295  
99.01922241  
61.09098678  
695.4315613  
3.729297568  
106.3630703  
1.129414112  
405.1675894  
137.1747811  
79.24201012  
22.49022134  
110.7572882  
7.390084224  
31.56439306  
109.0407879  
362.442267  
37.56851332  
121.5815063  
212.8552156  
57.44682214  
142.1822707  
404.2401571  
17.02982956  
1.846242747  
145.1515249  
80.91520746  
124.7490823  
182.1422643  
22.48655159  
50.84435271  
22.13872521  
281.9297395  
40.62567211  
137.7665158  
57.29206327  
42.38700069  
0.7999686046  
115.8501346  
30.21668944  
25.40143295  
30.10799003  
37.26023077  
83.638218  
40.84246149  
174.2007791  
40.99312814  
227.2825394  
538.5196543  
37.68333086  
417.0530368  
17.0122464  
149.6306462  
55.29957999  
207.0066868  
173.4986036  
24.96684266  
416.5569307  
582.3135228  
190.5990188  
86.74127399  
207.2212411  
606.5824302  
64.64106361  
562.7125096  
276.1108209  
152.9578576  
