38.07079291  
18.6151893  
69.49414221  
162.4033257  
469.8307938  
632.0259106  
389.6374892  
16.29556793  
147.18032  
258.2677503  
205.5069675  
367.4794566  
156.0045189  
224.34626  
32.33491108  
54.81071678  
42.06489094  
598.5379372  
40.68644534  
30.06273144  
165.5338851  
87.18080819  
157.5021865  
210.4293216  
128.3862597  
53.55473175  
13.47807955  
59.71036331  
435.7825124  
513.7936896  
58.87990531  
75.74539338  
85.46654579  
29.39238255  
440.428509  
148.8470051  
218.3565165  
324.988093  
52.0903338  
25.47539212  
277.0293634  
341.4263896  
83.09619269  
26.81199149  
120.0733706  
10.17644196  
203.2695742  
80.78172283  
155.0458725  
137.0421933  
108.7500364  
111.8809311  
144.996458  
102.9642327  
35.38280707  
95.83193656  
356.6061866  
24.95870866  
154.4670688  
358.1532257  
11.29056863  
84.86705087  
106.9895247  
88.69599227  
133.42586  
147.0371335  
17.76584196  
190.2234762  
25.0327834  
11.91294256  
93.84398747  
2.05206739  
121.4465162  
156.6120406  
269.4472255  
185.7665985  
265.8799554  
336.2900387  
3.758664944  
43.89346533  
174.5016757  
12.42987544  
23.05066125  
88.52191799  
107.8440376  
124.7654901  
79.7581296  
122.6686993  
2.614003721  
150.9143915  
86.06835421  
1.282292031  
51.6210413  
139.7170362  
10.11939375  
1.541689826  
30.06011248  
126.5057851  
214.6664479  
241.794601  
75.45059572  
371.4249946  
621.2227654  
23.61697298  
1073.299846  
1552.677529  
973.2572707  
190.197184  
1619.900297  
1350.332272  
2499.255368  
399.4387674  
548.7833578  
1241.001333  
357.3982254  
354.3115393  
223.8703211  
0.9225118115  
