121.9601653  
103.4007938  
680.2425522  
438.5145828  
211.3111052  
104.9470368  
405.7325045  
144.3497119  
360.0784256  
261.3271055  
79.5058453  
222.3877996  
1054.043828  
1163.925777  
990.0503705  
1246.795325  
283.5099288  
494.3025158  
507.2120022  
1158.809561  
376.2867144  
31.51139321  
619.5267554  
185.3642649  
863.2137474  
309.3214078  
771.9847841  
172.0403122  
193.1537989  
340.3111686  
299.3315416  
289.3164127  
197.4738808  
471.4508189  
167.211504  
223.8392452  
416.1916276  
431.6713269  
484.6837112  
10.45486682  
536.4574654  
84.43904009  
517.53097  
35.97229606  
469.2932013  
10.08214457  
368.322497  
271.1941886  
249.4614528  
170.9023907  
172.245606  
531.128667  
221.7837521  
124.8258079  
19.39898411  
151.3577985  
68.79376251  
120.0307427  
27.86403911  
84.10403096  
64.29831467  
60.063684  
10.07174986  
87.59935316  
22.98810748  
17.57147318  
122.3824135  
1.809310873  
84.4801577  
59.61645704  
153.8546183  
69.10550802  
2.956627474  
4.538747289  
11.42842867  
83.21958991  
51.67663043  
0.8041479619  
76.80198619  
4.818102957  
109.7726975  
15.60830522  
87.41814139  
74.32840038  
4.20665028  
32.20502904  
62.65893284  
43.31004656  
3.76209642  
91.02561732  
45.13047828  
203.7105563  
10.36587222  
226.5910223  
247.8736095  
204.3309025  
68.92331461  
35.28289646  
75.38991482  
24.90027066  
58.95887454  
211.0048101  
123.7732607  
383.1674618  
23.85434179  
306.1896968  
285.5165671  
237.5849689  
269.7953383  
261.707034  
126.6697957  
443.2618737  
260.3361448  
287.283904  
133.260955  
463.6727201  
65.48907829  
19.31590717  
