39.11874667  
52.75637395  
64.16707993  
196.6494016  
390.2244332  
1111.117247  
89.33935512  
631.3008649  
215.1744246  
31.30523001  
998.527887  
74.52573444  
2433.080982  
3123.461393  
218.3902042  
983.7462841  
4.135250505  
465.9172962  
366.206497  
211.9830115  
120.6626456  
976.6434912  
90.5810808  
28.8898095  
801.608605  
92.94636382  
507.7035439  
88.16162461  
1472.798341  
122.6128379  
411.3934003  
113.9783297  
1281.307219  
293.1241465  
102.4199742  
131.0326481  
5.435811554  
407.1444268  
116.9976409  
153.7954514  
14.94274519  
54.46899655  
46.81759507  
30.82608463  
9.957823262  
60.49059578  
69.24841929  
281.4544007  
87.69365111  
1.461378935  
151.3087017  
104.4929874  
458.7375723  
59.7865777  
102.8830041  
38.22364185  
58.54713587  
235.4811806  
21.84567125  
22.85347382  
468.4179343  
56.41953174  
64.60327446  
167.0197252  
11.72503018  
107.6379186  
162.8946202  
304.6460634  
166.0062195  
81.60743965  
88.43020411  
87.16132353  
20.26653115  
117.0515298  
209.1865335  
114.5319237  
114.0992242  
260.6093969  
11.02924658  
180.5701076  
46.75746203  
11.55849284  
11.17057201  
186.9849142  
135.7590844  
190.4905349  
56.34108688  
222.6786902  
158.1944184  
95.5385049  
34.65778414  
66.17197819  
68.08601888  
305.8581567  
191.6773577  
4.421616099  
12.11310526  
28.86675208  
182.1338636  
1.759265205  
12.77735587  
129.1855962  
70.42870313  
50.3834834  
57.98860805  
8.32066271  
281.0322006  
196.9690594  
10.88371803  
71.66116628  
366.7880155  
142.405813  
92.16807973  
180.0846081  
38.50766202  
117.7360593  
64.87488578  
201.5683236  
