36.14490741  
22.16394672  
656.6386467  
170.3698719  
3268.772663  
2020.518379  
167.9962197  
139.5349557  
160.6107532  
68.84893117  
3644.819055  
161.7398988  
332.1023201  
2632.755221  
393.511295  
305.6689877  
572.3960368  
200.1007658  
437.3258543  
215.0541873  
70.1855813  
84.72326695  
128.0014222  
173.1831654  
966.0334981  
687.1268246  
304.2705462  
132.8959412  
253.9618906  
123.2689159  
153.3996923  
647.4972785  
0.3550204769  
127.66367  
162.0538419  
316.7221872  
562.404329  
262.2937338  
227.1630171  
78.3543649  
186.6227233  
34.45098972  
314.1896306  
29.73773152  
533.0658857  
16.43263875  
178.7657529  
934.655408  
154.4793664  
452.2717058  
93.53300332  
136.5065542  
182.644005  
3.300608236  
81.37182455  
234.5482783  
93.3293584  
150.9407323  
59.13042854  
203.159807  
405.2997119  
110.71967  
76.33722116  
36.10226224  
56.80887193  
15.21210843  
130.9998495  
66.73764169  
23.37742582  
76.81445481  
37.70663814  
21.36127113  
25.53151015  
69.82133578  
190.4366235  
73.19863188  
5.193060275  
39.54346167  
151.3311045  
104.3161358  
38.4991785  
6.424865902  
33.72283792  
53.90079633  
33.92787951  
21.26657549  
6.607545897  
63.67067617  
10.95263486  
24.65677945  
33.63398063  
62.76285558  
17.98659429  
3.932350175  
2.493737676  
5.703147089  
2.153760175  
29.1420607  
70.1899355  
23.70158473  
21.38600428  
3.05123283  
2.488834991  
50.14565121  
21.36629147  
35.82539972  
2.686970648  
20.28492878  
6.156941619  
35.27598497  
35.14579769  
8.123976747  
2.58667287  
28.51891551  
18.66784198  
21.5840404  
9.907404152  
5.701652124  
