8.910595924  
116.4104066  
1916.230479  
1159.551863  
744.0975363  
56.95109379  
1005.957486  
628.5933341  
1861.644248  
425.3502043  
1109.77846  
184.516344  
2325.647207  
59.61880815  
320.5422217  
13.91952048  
237.6918373  
410.5191333  
200.4386969  
1346.981089  
169.8369287  
99.06237175  
1114.282706  
124.9492227  
224.0227011  
824.9041235  
6.398559519  
532.640947  
577.843524  
314.28614  
177.1439482  
48.68120336  
10.06748008  
118.8569892  
6.143670685  
62.44794531  
1864.348594  
133.5228812  
391.9208867  
214.0984864  
126.1221498  
48.48946741  
259.1184891  
117.546982  
32.3397679  
350.0897763  
225.98502  
428.2747934  
73.72644053  
103.3370352  
518.0456745  
157.6639919  
270.6347326  
143.6882502  
76.55357608  
251.8395391  
65.58245673  
95.6093602  
58.98552548  
62.66339332  
53.13684037  
55.1073389  
13.53455362  
8.346341771  
105.8980941  
34.71213677  
73.78321484  
55.87518116  
1.783939417  
60.41078265  
11.11260873  
36.64201476  
27.72050573  
18.82048262  
34.17180205  
24.92826475  
14.03700281  
1.203442183  
14.53358432  
30.52356044  
42.99255032  
51.54153761  
14.91254523  
29.53210113  
29.35357623  
34.59022627  
12.30056614  
48.38388014  
56.45240343  
19.3364762  
11.79829918  
120.6373529  
10.54091348  
2.668612716  
72.12215404  
41.81167016  
36.22041376  
158.6065437  
162.4633107  
63.52014183  
11.22188557  
22.76581701  
24.99826021  
149.9637494  
119.7410569  
7.276515833  
28.14008281  
2.921950163  
79.05169692  
59.23963126  
299.8489504  
87.16423353  
23.54069584  
101.049506  
12.36779208  
291.9347213  
97.58165468  
0.03707630706  
