42.3261444  
209.6846138  
216.4439188  
529.7075214  
1715.344912  
459.4204942  
344.9715619  
110.2795941  
153.683942  
343.6035927  
1609.582668  
163.552138  
564.5620154  
277.0392023  
1823.928633  
1369.582496  
121.4321543  
510.7078341  
838.3345455  
299.8001334  
364.1991405  
1377.288841  
1.576768611  
719.4790826  
269.0114085  
227.1536215  
958.2765449  
100.3646786  
31.89884333  
481.7359322  
250.0010172  
75.09999933  
202.5231543  
212.7148053  
95.78608199  
503.410425  
539.4802233  
1383.803432  
304.1825613  
58.51753129  
26.84162401  
199.0786984  
170.4322975  
431.8097383  
28.05612364  
487.0595963  
160.8362748  
199.5378328  
20.68155363  
28.33849815  
338.6837442  
53.8042109  
752.1814988  
187.5483286  
80.91720522  
239.3358225  
383.9454659  
37.35566118  
22.97659498  
140.6149701  
220.7871352  
136.3601044  
29.55477485  
77.57695751  
34.1445375  
51.47595886  
40.71132363  
88.3365743  
2.59421595  
28.42210063  
10.55729808  
22.29481721  
175.1259471  
14.92096596  
13.15560015  
49.03504201  
19.36201094  
58.18428913  
14.66063818  
120.834905  
18.04319866  
24.88244045  
5.320876283  
23.40211672  
9.071178841  
123.5085557  
47.58584234  
7.251084445  
9.234909481  
2.780116546  
36.7266982  
23.3732169  
86.77875779  
32.25321052  
64.98865727  
4.034902368  
37.06761728  
21.33575235  
10.11535704  
7.226242073  
145.780316  
78.55824197  
40.66945791  
1.915311378  
242.5421714  
43.07429089  
372.0985031  
15.01769903  
60.33667035  
299.6754468  
317.0412029  
7.103217639  
13.39292622  
242.3340965  
38.22943119  
120.9143122  
36.53657027  
2.352516466  
