265.4972204  
167.9445611  
637.2976596  
119.2288522  
555.0935326  
513.0491262  
258.0547275  
158.7156818  
232.6926337  
193.3988757  
180.8535893  
154.8694804  
151.0839339  
65.80864225  
41.58032567  
196.2985696  
185.2551774  
2.011953206  
226.9686304  
75.59069489  
23.8747388  
51.98918004  
102.1221951  
316.8342656  
197.7697095  
137.1159422  
529.1853894  
63.68289036  
66.78394671  
377.333399  
125.4857158  
428.5690403  
80.68199094  
39.88756677  
44.05692399  
371.8019266  
28.53469139  
453.309701  
399.0411433  
49.72330666  
460.7894718  
30.49374237  
85.195  
75.29090888  
57.65680908  
84.30430273  
128.9201358  
44.45448826  
626.8446572  
15.55842341  
59.30333698  
168.692205  
137.2061693  
18.37986352  
204.5889854  
21.80892817  
5.841525513  
99.81506529  
28.9583365  
157.7996601  
36.18014597  
46.16828255  
246.035938  
230.8360965  
140.3310022  
65.44999928  
141.5311234  
92.63674984  
19.8321786  
172.7306115  
57.53064466  
158.8811929  
8.682979668  
6.413328422  
245.2420489  
61.74210891  
77.11026366  
0.4606986382  
95.49094145  
64.63711396  
55.44223662  
8.008502719  
21.63678141  
80.54914321  
83.23452855  
134.8225437  
210.8590625  
219.2630504  
598.8553621  
80.6334135  
180.5428663  
117.318351  
52.04029877  
136.2431944  
201.4964622  
159.0303572  
2.138032106  
16.7352985  
385.5049204  
924.7735838  
305.7476535  
84.09658478  
61.71054165  
1488.364392  
1255.793011  
839.2417754  
1003.081051  
69.05441277  
677.1868313  
516.6848388  
409.1286655  
1116.114217  
918.6072323  
1232.292256  
91.60428904  
720.3819333  
440.2973946  
165.1638693  
