177.7185166  
97.49919859  
679.8079408  
2246.808528  
2366.940112  
1136.739211  
316.1686211  
259.3997772  
713.5645699  
937.1803337  
2509.572093  
2544.613682  
739.5277803  
490.6826884  
1213.657797  
710.49537  
419.7838182  
385.7969237  
173.2604571  
484.4662446  
407.7906493  
752.2022447  
20.18172154  
241.9232546  
12.35201188  
91.18892887  
266.909969  
108.5011247  
183.5271445  
162.0372668  
88.55435038  
164.8310467  
304.2642841  
454.5597892  
107.4716169  
392.6116457  
123.3302395  
409.5265417  
17.12971995  
90.6168115  
122.8795585  
36.93674561  
196.4644821  
80.05635665  
46.00569974  
2.702267097  
202.1834118  
293.045405  
37.752637  
38.7390714  
634.5642607  
150.4708737  
11.02555043  
448.5856529  
12.1534092  
109.9745474  
46.19250279  
111.42368  
16.26321346  
29.21347517  
294.4077002  
45.67913176  
97.30407939  
9.513146896  
66.88926229  
18.5123421  
68.51432048  
46.07129  
48.78416036  
3.45387703  
6.442134188  
5.228248293  
5.362345093  
41.5659029  
16.66686229  
1.756859798  
78.12518602  
77.30774029  
71.81278993  
10.76795903  
15.688821  
144.0283869  
95.53944459  
25.91383118  
11.55353348  
3.987623186  
66.75060664  
20.6091865  
11.31922194  
9.641320404  
5.326348702  
41.77621878  
20.79119402  
15.81605309  
13.83187457  
13.33669872  
23.15885663  
12.60254638  
16.11165551  
42.50944303  
23.37862382  
24.69188759  
12.2242623  
72.61193769  
5.798039525  
62.40184465  
2.456811741  
43.51006459  
9.75587337  
13.55794229  
62.88688252  
38.43813018  
13.79552457  
24.1027632  
2.862751787  
24.16599327  
34.68668194  
8.777909773  
