69.91474432  
413.1930112  
169.3812003  
236.4629397  
1756.727324  
2125.251666  
1394.977343  
333.7254681  
1784.033424  
206.7946926  
295.5863482  
386.2802804  
1186.574196  
2514.888476  
277.3236669  
1546.488851  
314.7566139  
53.94055315  
347.7923132  
381.4655225  
56.25802382  
221.3733279  
268.2636374  
19.53030109  
412.1660674  
571.0094235  
6.17719834  
20.90381964  
254.1324268  
383.9468712  
0.8227501124  
527.4171042  
551.5857512  
2.947144281  
65.63494961  
1049.979266  
158.2755417  
100.7824605  
232.3228259  
2.455981882  
32.22071343  
4.212556606  
805.7194555  
668.9235113  
171.0528322  
82.96897077  
7.691319562  
162.4533804  
64.18476962  
297.2930054  
103.0116902  
172.0194714  
85.1637533  
5.428339582  
45.83091902  
64.87528171  
22.13073127  
91.33176444  
102.5741934  
99.27502285  
238.0627954  
76.81060479  
40.33382276  
28.89225864  
29.48420899  
21.4986416  
50.17845944  
21.67613593  
8.199634503  
15.88342996  
13.09549863  
135.708423  
119.1682016  
26.16905886  
55.10450313  
80.95871862  
103.5259488  
65.56834998  
33.16392521  
15.04315007  
49.93340293  
61.31896238  
18.97775522  
75.21950212  
2.171397104  
50.3506133  
37.09484768  
3.779500572  
8.009344994  
39.69284835  
50.00068171  
36.54578426  
45.83402075  
1.832006754  
41.66948556  
23.35300921  
18.15517307  
12.39476266  
27.53863255  
73.66906145  
36.55744931  
35.83824716  
77.86424293  
95.27693655  
59.14882568  
212.3336701  
165.3763682  
73.03820661  
288.6906158  
148.2057906  
335.3159426  
130.9353703  
52.17897694  
187.9674101  
46.85457939  
106.0605552  
31.23301406  
2.304090522  
