11.87590633  
39.78351756  
554.1815134  
104.5591647  
3485.856394  
472.4869806  
1121.762477  
371.7289169  
307.6727492  
654.8856523  
744.4740212  
571.7796268  
328.057741  
119.4740368  
559.9676804  
827.0795532  
2427.612792  
184.5352911  
1143.071948  
289.4407045  
55.94376301  
286.3898935  
220.445655  
223.2411856  
546.7347418  
1204.876242  
932.1752364  
155.742362  
91.09041053  
899.920559  
1502.835447  
61.52972471  
286.427949  
201.2597785  
79.43309951  
168.9029505  
156.2012764  
21.88348415  
65.83757362  
202.186546  
210.2317747  
407.6585012  
140.2903619  
82.64072288  
58.40091693  
118.5466888  
382.5091539  
437.6864595  
56.59374223  
195.9181547  
292.8888476  
290.4766778  
284.2702623  
278.8701228  
77.94888658  
82.67048162  
71.17038431  
22.23182669  
118.1741956  
4.273059368  
130.9919346  
42.21849954  
9.546695955  
1.502212446  
11.26134005  
48.53003763  
63.63618508  
18.86343919  
76.49625064  
28.64427979  
1.206892397  
64.06300566  
17.74760326  
51.64157569  
15.79029313  
96.07370563  
3.438818744  
60.60487111  
31.68684937  
1.660003246  
14.63825078  
1.949068567  
4.336902825  
80.58496199  
0.4416509774  
0.05494947442  
27.03119279  
12.20821455  
37.66470251  
38.14013456  
96.69824907  
72.97308725  
33.94981991  
23.18723669  
32.50698018  
30.82392317  
35.11462174  
28.87603117  
5.608659435  
24.79950438  
1.519548271  
77.82187369  
6.629360091  
49.68784665  
3.940429803  
27.08494382  
82.66974122  
8.166575927  
82.78223837  
175.5238873  
8.555264835  
9.890987908  
137.8216935  
126.8742049  
23.44042647  
74.27298962  
99.81517256  
119.0288277  
