105.106391  
37.94888996  
219.3736375  
238.6819637  
194.7412352  
113.591839  
45.10378074  
65.83893561  
8.508833291  
393.2300662  
49.76626654  
140.2907423  
113.2324592  
111.3479982  
0.3655754755  
131.4429147  
2.970634431  
48.8337876  
11.59735433  
156.625894  
67.17197998  
72.182099  
43.44983394  
434.7749119  
42.10617857  
172.2909293  
85.77764306  
52.03848901  
126.9695831  
153.9159775  
94.49862633  
80.23518388  
110.3361941  
76.01898241  
113.2627321  
1093.783034  
217.6162303  
290.4269888  
43.68979917  
64.91203289  
6.268808537  
42.67234549  
232.9924811  
67.04468356  
165.6294163  
16.27883618  
205.9563225  
86.95215166  
196.2742085  
206.1654568  
114.4240619  
56.65465505  
56.63529351  
52.80819444  
130.8245637  
70.33028794  
117.2007959  
74.29160067  
194.4884169  
35.09203647  
140.3199088  
44.44429163  
47.81089658  
77.7995318  
129.2721741  
102.2700385  
407.3648787  
55.85915153  
14.11732  
115.2971  
95.86014197  
70.61702288  
251.0210679  
616.0865125  
14.92581628  
51.32468372  
31.79348553  
58.2674737  
72.83043498  
213.9972844  
164.1782811  
8.643921085  
240.4704589  
65.10425667  
476.9892907  
202.577022  
367.0202084  
76.3696818  
81.19895981  
597.3514848  
104.3187468  
117.7696601  
44.9334422  
346.6557353  
123.566476  
592.2672712  
6.322196094  
8.688892719  
103.2114242  
461.2665031  
244.8869867  
155.7959968  
30.79681278  
259.4337477  
1218.089587  
1003.593287  
1640.883392  
152.962919  
889.0349209  
1532.531683  
2688.350134  
39.25586841  
565.0501763  
1084.974803  
149.1748982  
1279.243415  
236.0060751  
13.42184617  
