19.75989786  
152.1186715  
452.9832311  
25.65763859  
503.4716376  
382.1838522  
114.6561296  
101.2689335  
61.59950445  
239.9868476  
314.6568225  
448.4517037  
646.9426204  
354.1127817  
966.2317147  
169.1265403  
35.38874405  
4.689906314  
167.155816  
55.5864789  
9.119241993  
33.08931638  
286.0265197  
66.94382279  
34.12878781  
123.040444  
138.721567  
282.6846701  
48.59131962  
194.796493  
179.8018956  
67.54291358  
121.7377858  
243.0263666  
110.3337568  
407.1312646  
341.5133943  
38.01856535  
41.63871134  
181.9912355  
80.15555258  
110.426711  
243.6165637  
64.53320246  
52.69879993  
82.2815466  
88.13410779  
33.0208572  
152.0695483  
133.9736012  
205.6346177  
183.5892762  
0.28374147  
410.3259509  
302.7812776  
106.2776241  
28.93093066  
39.05763256  
6.596121887  
157.7751688  
155.5316994  
358.9518784  
280.0676893  
152.6643452  
38.44776072  
24.92426622  
21.74938801  
28.22882691  
45.66739233  
29.793467  
69.07563947  
488.1545797  
231.2139248  
193.4136821  
284.0899082  
384.7831541  
10.32164314  
162.2942998  
13.81247958  
273.6733875  
154.5657761  
129.9246249  
23.53453142  
828.3400928  
144.9304144  
239.8575851  
210.4621703  
0.5455427406  
33.89064083  
25.71154694  
609.4241781  
167.3096108  
128.2413193  
589.1703326  
436.1942655  
48.33272069  
510.8135122  
295.5673957  
404.4089573  
139.579294  
33.53594571  
125.3002716  
122.934225  
500.7789174  
1884.310883  
300.0996367  
1528.336112  
377.8879886  
71.32966318  
441.0814338  
1307.758632  
66.36323504  
82.57469678  
601.6299145  
205.8413277  
787.5585981  
276.6079806  
0.6724754944  
