46.29308098  
308.7864037  
970.1652814  
1212.667582  
358.0309749  
471.9822226  
315.8085973  
411.9725916  
1638.724394  
55.33409753  
315.7279061  
235.3817984  
570.8931973  
1323.480686  
638.08544  
278.1880452  
1246.18565  
512.0260025  
70.74425606  
52.93616493  
521.9735265  
37.88749035  
593.4234232  
1211.952371  
18.81881806  
385.6967919  
934.2705617  
18.19323931  
822.4326615  
101.8044571  
609.1533815  
95.87808507  
238.7599163  
5.891899934  
86.89783929  
65.10137428  
208.2907106  
31.18330638  
480.9684779  
102.6481071  
247.6655632  
140.7907951  
279.0627163  
58.61929624  
17.99373885  
24.39020828  
484.0511603  
217.9749389  
353.2002991  
21.50050646  
26.03821203  
73.55569689  
288.8323127  
329.7167971  
317.22575  
109.6855343  
193.5173619  
20.69258157  
61.86278141  
3.654978359  
47.28415276  
25.90856733  
329.2492378  
21.09322992  
102.0933324  
57.97720552  
46.73504814  
92.2142016  
15.13293034  
8.266890311  
26.06907689  
205.3040424  
265.5652002  
14.98117235  
8.079182919  
174.1378002  
7.321700897  
148.9548444  
127.1860521  
114.6461677  
122.2989125  
182.0064197  
2.688363613  
81.49936031  
40.60508645  
25.43091991  
314.76725  
25.86778127  
19.42439696  
30.60574355  
207.0816173  
41.56455064  
176.5674278  
186.1485814  
67.33921364  
42.76120797  
184.7271282  
78.80261906  
3.995065678  
150.9505357  
59.0453131  
17.51398853  
15.36017685  
61.97376062  
270.4491351  
160.6406454  
696.8186081  
150.1812971  
249.7572307  
284.0956204  
450.6391386  
0.6236987899  
118.9266663  
126.538028  
1.327431789  
206.5040023  
102.9144871  
117.3730253  
