2.2468741  
229.5040935  
171.4781101  
713.0003217  
1411.274626  
2.013838947  
179.9744146  
710.0604985  
1024.335363  
1417.256847  
776.6904256  
305.5017554  
77.88307286  
401.2059617  
667.5691918  
440.6486983  
1691.433231  
311.9849035  
915.2463581  
247.7317064  
876.1865951  
590.9453775  
382.3886787  
251.1313968  
467.2290236  
234.5790668  
81.71130847  
313.0668294  
161.514926  
13.6421221  
560.1730819  
40.69323907  
88.21794448  
452.0303312  
17.00123378  
1409.869749  
129.398683  
832.4359282  
241.3848212  
91.34752838  
79.84717963  
584.355116  
585.6767344  
223.3619204  
12.28849015  
289.5746282  
349.6293547  
156.5892495  
197.6706569  
9.058709334  
924.2813203  
150.8432822  
591.2518496  
349.8499542  
204.4025591  
567.8465338  
129.9569937  
34.82184949  
9.92441791  
53.07171473  
208.4987976  
30.94472344  
52.45070396  
61.10257356  
93.39566343  
163.936464  
36.29419479  
2.311132296  
107.8815195  
24.78205649  
101.019453  
105.2440839  
105.5635941  
3.120577516  
32.40354083  
2.695251029  
12.2905432  
82.83620154  
10.48355506  
15.84361134  
79.73110631  
6.515998269  
47.03773266  
40.80513969  
149.1253748  
89.89467733  
48.76068662  
48.53317772  
47.75754856  
56.04059529  
43.0955683  
126.5147347  
5.075249505  
0.3159328427  
82.33237434  
3.012905835  
37.71230541  
51.1137429  
151.4417604  
39.47949857  
9.783130074  
31.08022282  
18.94249961  
34.82585534  
12.36171964  
45.61263906  
30.97312202  
85.55449913  
2.035060918  
63.55933526  
24.2375998  
118.0431496  
15.20277529  
11.20709545  
41.58423935  
287.9500046  
39.78425957  
27.15554179  
