25.34965865  
196.4353611  
605.3652567  
1357.23176  
317.8161522  
25.04474031  
1009.206174  
925.5457626  
254.4181766  
600.7168193  
500.348608  
695.7201065  
606.6447107  
2883.068779  
1211.690918  
397.6455056  
813.5118049  
861.6874227  
1515.386922  
286.5005974  
152.5050551  
604.4858828  
410.7663979  
334.1764372  
336.4385953  
384.9875743  
45.07512689  
561.1641815  
104.5716388  
669.6182924  
95.21257526  
518.7546102  
266.6336824  
321.6547207  
498.9939333  
19.47406763  
261.1570938  
430.7713836  
63.55712363  
235.7816435  
63.96473036  
76.34510816  
45.34598799  
11.85428956  
92.70570684  
678.3112362  
66.36813151  
867.1604976  
34.25958547  
5.205407149  
258.9893897  
29.85613739  
491.7006267  
260.1814848  
37.84403361  
65.06068137  
14.84881613  
14.09000553  
129.7811459  
130.4348229  
3.298391137  
74.85783701  
19.98412786  
76.45784258  
32.88345742  
155.4009051  
238.453298  
201.5538899  
9.557398208  
93.55819733  
46.43926133  
1.638980104  
13.7486567  
29.56396403  
23.72523062  
24.41251295  
47.83045778  
110.6280114  
0.1300032712  
30.44642661  
165.1222714  
64.27762213  
43.63813431  
40.31197446  
41.08400939  
83.84056021  
12.96703856  
30.37904879  
21.20626519  
1.759223869  
70.2327961  
56.39029433  
133.4803168  
2.959207824  
32.18445154  
101.8301835  
1.540401606  
20.89020241  
42.11007846  
6.419229901  
57.08546969  
17.24757719  
16.26162342  
13.0636567  
21.52642455  
5.238782241  
135.2808626  
80.3075049  
13.79635925  
35.58804928  
137.9223664  
9.046893398  
6.046943667  
58.79268171  
47.78541373  
63.4102716  
0.1068650513  
49.75403439  
