57.58961438  
31.59046666  
292.2909091  
375.2860051  
2324.50861  
1041.050891  
3406.424464  
611.5496019  
427.2409601  
2938.58379  
607.3791505  
867.1502161  
306.8398794  
475.7279073  
91.92950418  
415.2399336  
29.5092516  
463.9920401  
1101.270678  
407.5548654  
680.6196042  
344.9268194  
369.3119518  
131.9349432  
493.7237805  
1119.848555  
464.7036317  
157.2423792  
673.1123663  
65.41727925  
47.50218322  
109.0651154  
107.8162301  
443.0015979  
219.9778508  
147.8850718  
3.338727378  
89.83924349  
272.2124071  
594.4154834  
0.8491699351  
65.92471011  
158.3529306  
0.3717150639  
141.3707448  
40.72182422  
71.91160946  
74.97753324  
95.17249833  
6.985780726  
49.92050917  
101.0918276  
472.3345567  
197.8283228  
39.48931463  
161.4484331  
221.6934107  
181.3853261  
141.1246108  
212.7318802  
24.62230227  
20.70805836  
57.43813069  
120.7140036  
1.32018161  
79.67241808  
139.8409781  
23.92142283  
3.452349818  
23.84638541  
62.46359828  
25.61197634  
6.098147918  
203.0825424  
59.34235843  
35.31279259  
30.45131642  
57.56112589  
48.50670231  
18.65398281  
34.09671504  
6.674970683  
69.16384518  
36.88073545  
63.79188  
101.1419043  
49.56272927  
85.80336857  
9.518136352  
147.9890144  
3.577276637  
31.45380751  
16.06364124  
15.66374668  
25.73651173  
24.68774091  
100.6349154  
1.949176435  
10.85039616  
16.0891126  
7.79381754  
35.3578661  
5.029870386  
2.276117948  
0.3691331578  
4.573989486  
33.33710571  
15.16535589  
37.77948212  
61.85633752  
72.5309948  
26.24483301  
43.35277392  
9.49066219  
1.698851829  
86.93547612  
49.20887538  
197.5147803  
