70.20648966  
313.5457093  
56.11503314  
969.7669262  
743.1465118  
341.5243473  
98.45179719  
100.8384916  
114.2850668  
167.9952586  
545.9765785  
130.0988871  
3.347096207  
1527.375439  
2510.528646  
293.7672006  
791.9840213  
988.0244105  
1208.088687  
616.6411939  
187.7867442  
771.9276889  
287.2631181  
671.538445  
274.816666  
278.2580472  
9.596397362  
494.256612  
756.8758054  
805.0411295  
26.407555  
20.57213882  
26.176384  
177.2969981  
232.8105209  
81.73810663  
74.26299654  
243.8757985  
34.83748307  
366.177762  
119.4517765  
9.946360453  
100.2534444  
24.56961944  
38.47687234  
312.3799099  
19.73374171  
319.2803048  
82.24744227  
193.9108442  
161.4509975  
163.1328154  
450.0887854  
227.3310232  
5.849083874  
78.71341592  
32.67295794  
238.5829244  
134.761048  
5.411930153  
1.546414667  
183.9338362  
321.6011949  
135.9695015  
32.72430062  
57.16074772  
119.1467435  
215.3785151  
209.6092758  
8.951981821  
182.5362412  
12.06962766  
219.7996829  
3.563245114  
53.6800956  
47.98106836  
152.9741541  
8.737769717  
3.568262243  
4.955131919  
275.8235206  
13.8380308  
51.64252399  
7.678717559  
88.45769974  
27.66129981  
30.06473754  
53.0276853  
10.7350993  
89.42983625  
37.35048945  
236.7353203  
146.5158743  
82.44850256  
29.74865511  
151.3671979  
48.5036564  
232.7223211  
372.6721137  
96.04102629  
35.51455699  
9.098677931  
22.41376159  
530.1920879  
201.9175155  
49.44533346  
576.6919332  
190.6922292  
347.6854095  
151.2269402  
231.6889145  
117.9909671  
28.01110628  
64.83579686  
81.54847812  
601.5300467  
288.1389751  
23.11136917  
