68.82607811  
31.35843215  
340.0109118  
1813.210848  
39.58122449  
315.9706916  
162.9379376  
455.6850016  
636.7962768  
252.3002475  
496.471271  
398.6846924  
1046.800482  
520.9567211  
1131.724501  
167.6344383  
261.2385452  
51.59987072  
91.88140606  
130.6750056  
14.84915691  
155.3898188  
278.8411489  
74.94852931  
567.4364217  
234.9733322  
168.0701645  
120.6288165  
923.5155062  
241.9925337  
131.945942  
70.77163594  
276.4885382  
126.194762  
63.05611393  
2.449464274  
192.9824742  
339.4860199  
102.1189576  
181.5258016  
375.7766928  
68.07759989  
134.100446  
611.0803218  
277.3687581  
201.2082604  
138.0373686  
82.06204759  
23.62913094  
75.25807594  
664.4084455  
639.1189217  
715.1314852  
411.4744306  
293.3335003  
224.3839268  
378.4625812  
84.56125203  
219.5445434  
96.34138695  
140.5702729  
71.39035656  
128.8387202  
148.8543193  
37.02795091  
84.34954652  
1.32027031  
133.4921677  
71.23237601  
33.03622157  
229.6488197  
87.25965531  
66.46786493  
458.3570665  
55.15580353  
102.9081625  
364.6498736  
99.81655702  
58.17419033  
27.85351073  
89.54402115  
120.3313634  
52.2963692  
3.707184191  
268.7163961  
43.29394387  
58.75795919  
13.54057797  
150.3793224  
135.9004493  
26.77509706  
110.7349527  
228.4618793  
8.213247476  
72.40882605  
4.232051883  
29.30875454  
425.3670193  
23.07742332  
72.44095051  
306.9237734  
33.08350108  
101.2015243  
93.30989292  
568.7724374  
177.4877784  
263.1454344  
190.1196098  
302.8975965  
480.3720854  
1242.524616  
85.1850154  
378.9016215  
450.1782526  
22.68392598  
134.9459611  
135.7154194  
58.58232621  
