74.55844704  
94.003989  
1562.116636  
925.9462172  
1035.988876  
330.3714901  
643.7165416  
170.2267508  
951.9579015  
270.4008437  
18.03647712  
255.2149497  
1088.288836  
1136.241953  
399.3732855  
198.2255289  
23.41234554  
553.7766812  
89.68264708  
790.0261904  
367.1710341  
449.3960297  
1422.950702  
635.7962006  
24.9261771  
737.1258218  
155.0121711  
297.4870024  
249.0057454  
354.471798  
955.2183584  
95.37732775  
229.4845383  
497.7277312  
22.28979558  
33.42866978  
48.20131271  
11.46612751  
63.61506869  
9.811626141  
51.4877325  
596.6218211  
37.83773855  
357.0067591  
22.42061366  
127.2890097  
64.56696199  
93.45156743  
11.53340134  
51.09914587  
157.6362665  
136.0787448  
332.0086397  
533.7661092  
123.0463384  
967.765986  
93.36319287  
31.97481923  
247.2348204  
133.5986385  
148.9803849  
59.0848458  
21.70320847  
30.09277955  
49.61833911  
9.974701405  
66.13170939  
18.26389715  
2.360316931  
128.0458883  
159.565367  
72.29482975  
231.2470453  
43.03544839  
67.09734349  
271.8819789  
38.84721977  
0.5747452743  
94.71701688  
93.09044439  
11.51013724  
76.80991494  
0.1078829913  
129.6710869  
0.1022858433  
24.18578469  
7.098031499  
115.0044303  
43.59889533  
77.30127974  
14.56493123  
118.4153283  
0.9280600648  
58.01392299  
93.10109379  
0.6617623675  
2.597894406  
106.5499643  
218.6030063  
199.9525528  
60.21742181  
50.92628142  
80.27983872  
280.2827085  
62.41198977  
52.16414697  
146.8730405  
5.087946025  
61.9368512  
310.5170906  
215.8105042  
247.242783  
147.4413392  
425.6741747  
78.21712389  
804.5453731  
337.8551203  
31.62475359  
