10.68996652  
363.5795474  
184.1345152  
264.6440852  
3711.632007  
466.0509516  
115.7814948  
2147.655962  
214.5820827  
699.4085134  
457.2078805  
638.7324829  
277.4424973  
1276.793295  
320.3603381  
499.22626  
380.6036514  
15.44579707  
314.3047001  
29.12527256  
196.9966181  
341.8778608  
10.69340608  
734.1163558  
76.10999759  
45.61796283  
101.7601968  
90.94803273  
282.457884  
36.45064994  
142.115579  
86.77013393  
344.5119884  
156.8063948  
10.3963319  
99.17012851  
62.15177092  
195.9286787  
370.1290128  
89.14969056  
402.4228187  
597.242658  
230.7935869  
3.878871839  
272.6159462  
202.2691973  
59.53726137  
107.0173766  
281.8204478  
119.4803832  
286.9662327  
242.5115173  
67.4948342  
51.98990035  
65.68227668  
98.95357467  
254.9016245  
2.787164601  
30.51331509  
0.9498052707  
30.97698837  
32.69686238  
234.2824089  
9.730814845  
13.1531407  
35.79821463  
17.43258404  
192.3391631  
25.54340284  
18.21197341  
9.841972835  
31.8728828  
93.92207148  
26.93216171  
187.0132913  
226.645039  
3.199424868  
172.7913756  
71.1867793  
39.42811463  
85.31642267  
38.71142617  
14.19905177  
108.1333375  
42.32836496  
100.6924931  
157.8947031  
11.32852262  
29.80140281  
54.84495073  
31.20063232  
141.4002695  
97.04041034  
217.1657599  
261.9478888  
63.21628512  
13.42044356  
37.20159582  
99.0368192  
163.0490658  
98.47285442  
15.85491075  
77.8976699  
525.3703735  
396.2674284  
882.5048108  
597.5523131  
343.8231796  
268.8644849  
204.9506602  
682.1244175  
102.9144882  
159.7249002  
210.1225298  
169.9671828  
351.9761716  
105.7251371  
107.1384127  
