49.29473493  
164.4596614  
1770.842745  
657.4656559  
1334.892052  
93.77690289  
581.8031672  
649.9435648  
868.050493  
244.3711516  
319.5926156  
125.5753999  
543.600125  
28.65395302  
73.70552342  
111.3756955  
95.61848543  
90.67590741  
45.23954198  
83.38104782  
11.13094106  
219.5126995  
190.3502184  
105.2511707  
138.7783422  
209.7035933  
62.69272609  
272.9304983  
213.8378857  
93.4612271  
32.41088962  
68.04469226  
170.1419716  
24.15657651  
171.2429615  
149.4628302  
89.34912122  
642.1592824  
169.5888864  
393.4750692  
154.1053097  
149.0075356  
723.3071438  
166.556196  
84.09998933  
186.4652533  
186.3857987  
315.0471481  
86.8464388  
250.6135359  
232.5030999  
98.30891925  
209.3698989  
79.05188842  
28.16819644  
39.88524614  
57.9519466  
328.3333411  
151.2749759  
150.4370976  
135.7150879  
38.27999054  
423.5227377  
32.03573079  
201.3892213  
227.2080242  
21.5507258  
267.7207371  
391.5409333  
39.08401464  
116.2888678  
26.9463123  
180.0948143  
41.79263514  
272.2952166  
92.14684521  
136.0806424  
253.1934122  
67.1583958  
65.15123268  
361.1389048  
59.90344056  
20.06618695  
199.0352471  
95.47721284  
79.78007114  
141.9095851  
0.06750927243  
135.8582475  
248.98762  
73.07836652  
26.80668345  
66.21653179  
573.2611424  
94.99426604  
92.19915984  
92.31162918  
165.3532855  
243.2665764  
36.6516341  
99.44992104  
121.9941037  
151.8664835  
86.74829226  
133.110014  
827.5010421  
322.697021  
52.21067726  
1494.756742  
560.7282342  
388.9564472  
207.5014773  
342.4738487  
1330.523049  
208.398446  
291.9975737  
62.11255949  
347.3924484  
