62.97952592  
309.290046  
917.0524853  
140.3261218  
2653.737929  
1675.094629  
40.53257691  
147.3533687  
704.4462378  
266.4599825  
129.5045295  
572.2514445  
550.7771659  
472.6669964  
1699.095213  
87.64158001  
487.1430237  
178.8300356  
225.9502807  
281.2644496  
44.70312897  
644.3464911  
57.89935825  
84.86275045  
365.7592664  
835.6300378  
347.9008374  
532.6308605  
76.8408461  
173.6410663  
12.96048893  
78.77218159  
14.48786847  
247.3238823  
25.09826294  
543.3916695  
152.5791323  
411.6034418  
20.43846723  
327.9044715  
71.22893246  
226.2012451  
453.111602  
56.6403623  
86.7937649  
219.0329315  
87.81237522  
492.5815215  
106.3810928  
743.4329224  
480.6491915  
331.2846197  
935.2144802  
1259.946823  
231.5584857  
70.42097831  
133.6867725  
51.41539263  
176.5330182  
90.11897785  
328.7750864  
8.615815866  
196.1806155  
221.3887924  
150.1776421  
15.16746345  
1.457646127  
119.0235242  
60.07499381  
60.7922986  
56.88695587  
25.41846559  
26.06789413  
62.73478385  
16.52751465  
122.0525037  
32.054966  
105.9161064  
72.71100475  
22.69301727  
232.7064146  
98.6834687  
28.14030825  
4.330844314  
54.94146526  
70.82952163  
10.73075863  
24.95774754  
154.1192488  
96.05166722  
114.8969778  
50.6304275  
170.9366821  
350.5829301  
26.5420319  
18.15132633  
40.38392171  
99.85521559  
47.07242187  
42.90488409  
14.92545992  
88.47206865  
2.105233173  
84.40999075  
41.53448565  
1.137884325  
238.0995343  
85.33706388  
19.54105107  
172.2768021  
116.3450211  
88.52280202  
170.941035  
44.0805263  
127.4085345  
46.4650546  
2.957969331  
76.11301777  
