82.30898992  
149.0838001  
128.4856754  
1227.339051  
726.7305938  
1687.404172  
329.2227103  
714.549689  
906.5518314  
122.5463943  
683.3296577  
336.3156788  
82.00769536  
268.3083531  
150.5238379  
85.9873307  
274.9631734  
792.0545006  
587.1675645  
184.8264365  
354.0291295  
60.74096498  
196.2904403  
98.44841406  
1728.767941  
172.7065658  
457.2745338  
34.49569575  
12.41094322  
492.464596  
760.5299627  
428.5828682  
49.52776977  
281.6518148  
178.3943722  
79.20221362  
318.8428868  
836.3329225  
241.1106232  
162.2329132  
314.5879118  
144.5073474  
96.97835918  
610.4809829  
31.47007976  
35.54042814  
4.757058082  
467.9294782  
115.1728895  
63.66545134  
324.4929744  
498.4323916  
66.60044771  
468.6224559  
136.5975231  
48.98216223  
51.58618877  
251.9390035  
25.71782043  
170.1912332  
170.4583528  
65.78690556  
68.96986641  
105.7197401  
69.39883135  
117.3893394  
72.39242065  
60.12766059  
205.7057165  
86.35301587  
78.99706058  
32.01776027  
198.9454076  
224.4009653  
248.2240048  
144.0593297  
96.61252023  
158.0405882  
11.62735953  
51.31676701  
22.91309841  
126.6828435  
26.94932997  
90.06572047  
163.3116385  
14.72704268  
2.305845788  
31.41907545  
20.11525713  
85.97416495  
70.68303152  
155.7109625  
147.6395735  
47.63040355  
72.98338845  
24.39660803  
11.44419135  
160.063746  
321.2638336  
47.59194955  
236.0421611  
36.2005566  
321.0126943  
5.571984141  
199.2161908  
86.319954  
376.4648669  
41.24271589  
102.3531882  
59.59038287  
458.5633986  
207.0577743  
30.35850388  
280.286249  
341.609553  
437.0909686  
83.87304343  
249.4672044  
