91.06553744  
176.9663397  
1618.246327  
890.5557224  
1192.235879  
154.6292034  
123.0918003  
10.77016939  
52.41761236  
470.7994467  
1554.72615  
303.7750699  
273.1073918  
610.6584478  
87.93167306  
255.6633773  
11.29589211  
188.9804667  
248.8249458  
484.3127745  
415.0021462  
824.399928  
90.41921552  
293.0192145  
1008.451131  
189.6164876  
139.9476596  
310.1105098  
103.4859152  
211.6055573  
126.1443957  
478.9480432  
230.3254723  
243.4399619  
303.2078197  
13.00933897  
123.7554936  
254.3003894  
57.4348327  
482.1076189  
193.8768805  
94.05973656  
193.4320223  
263.3190846  
320.8991045  
188.7329867  
669.097972  
647.3015542  
296.2955066  
463.2305902  
76.64054231  
674.8694375  
2041.010619  
204.7384819  
160.259249  
440.2537155  
25.73416631  
41.24302604  
491.9476542  
5.66776863  
119.7757038  
206.3427994  
155.6609657  
10.65512357  
27.37734552  
80.11253333  
161.7491733  
101.582427  
27.25595221  
181.0613597  
33.75738394  
102.2892761  
55.11570743  
11.87595237  
255.8933689  
954.6602481  
5.746130711  
96.06802304  
9.641607381  
281.1216404  
51.33405868  
57.68217626  
36.72535062  
83.70949496  
12.09998932  
144.0501233  
57.40879091  
11.82663592  
20.75856012  
42.86727978  
13.09884329  
0.938443288  
46.7254841  
78.07739242  
182.7517909  
16.75135179  
19.01664174  
34.52183675  
76.75116625  
91.86624975  
20.02929954  
4.230727015  
19.71381421  
69.12267045  
327.8773941  
63.1072172  
20.54748048  
37.86817266  
9.483097007  
9.372919918  
261.2961962  
266.7802406  
98.7361119  
273.0856971  
28.60520169  
22.61268121  
30.2773125  
38.30785533  
