31.54160214  
163.6305879  
265.3841257  
2052.342608  
1664.168334  
293.6334952  
49.21876368  
137.3511285  
594.0750963  
100.3021845  
170.536131  
30.64666886  
364.3457414  
193.5262162  
143.5576023  
63.83914014  
373.7843616  
114.7301175  
57.35378657  
204.0845957  
528.93081  
105.1437136  
35.10553249  
155.9138289  
764.0995661  
1381.287181  
767.8129812  
1838.014926  
105.0923919  
91.30449516  
76.48342384  
198.9062131  
650.5753114  
27.19149751  
325.5965458  
508.8318507  
111.3910996  
66.3777204  
274.4110041  
586.8637759  
93.9405155  
99.40842955  
420.5634426  
628.2590138  
221.4437735  
158.1600558  
27.84232674  
227.3176959  
225.010033  
128.5976278  
103.7945753  
93.01327388  
202.3145933  
23.96817866  
133.7135036  
19.01994078  
128.3219532  
206.6200931  
150.1704185  
266.7361115  
248.0466035  
11.62665469  
299.5985109  
238.7374906  
161.6579541  
110.546267  
19.25822786  
99.15956531  
58.17078183  
4.600961112  
22.37149836  
422.915602  
262.7993349  
330.6144907  
41.81855848  
43.26192506  
51.30068493  
2.479866151  
79.5723263  
173.069687  
197.7522667  
188.3743879  
170.1644701  
100.9932562  
223.6319666  
48.81147036  
237.1308454  
47.36710004  
140.9124658  
35.40858048  
13.18890577  
73.55004233  
129.6297938  
65.02458928  
65.42659078  
130.5815427  
25.20018909  
762.1623871  
3.933701483  
75.85131682  
2.712466707  
155.8349901  
20.74453103  
53.41989013  
208.5011598  
253.24034  
421.4214348  
170.3327947  
31.84066104  
293.1533007  
284.0834766  
78.42396967  
393.8836586  
113.3475142  
65.60326225  
325.6555726  
134.5687803  
161.8552515  
