862.3314585  
216.0063861  
855.2702045  
3061.009805  
1617.970066  
1175.169895  
284.8911883  
324.0514381  
1.682614375  
509.4477907  
582.5671932  
15.47371575  
185.5821679  
126.8825942  
5.664643825  
138.9614201  
20.57614133  
47.1484949  
40.28448837  
216.6299059  
255.5556101  
136.5462952  
109.3908106  
88.1502781  
26.69354031  
10.48527256  
5.010449504  
32.88762971  
23.36967172  
74.68712597  
60.54322738  
10.23630105  
42.86159415  
38.22368509  
20.70366174  
364.7149016  
204.0208561  
4.602884844  
34.26164953  
164.2901534  
94.12501116  
88.8795659  
46.16457074  
97.75523738  
22.03273161  
52.1277841  
12.61348313  
0.7310870302  
10.76903638  
6.495461044  
10.53916847  
4.029803388  
80.72494101  
47.8740922  
36.745519  
114.1310921  
69.33226294  
9.528638594  
31.82833547  
64.18346253  
14.88602057  
31.88224886  
67.76169414  
11.85752404  
28.31077127  
83.87604394  
52.06092013  
179.3602496  
89.89144962  
70.68312121  
55.65935817  
159.0473798  
33.99902064  
199.1437806  
46.75898377  
62.74195403  
44.83283587  
16.2853028  
46.7949774  
184.052908  
1.598188728  
6.982066897  
91.48673795  
45.95563135  
188.6048207  
23.61016419  
185.9993985  
189.6002748  
29.95554851  
22.87822644  
64.85160124  
91.29102146  
266.0472037  
406.8906378  
138.4245108  
41.29406282  
9.338033283  
768.4433389  
748.2193615  
33.62962672  
5.330004557  
87.89267426  
170.2022633  
504.7316275  
1833.935766  
594.9425204  
546.8255995  
27.75794578  
322.2550621  
559.9912601  
2123.931465  
363.2502587  
93.52227195  
747.4533453  
1.755082646  
1297.370089  
717.4708344  
1.892869484  
