7.930809087  
41.26749822  
154.4275783  
1014.937406  
1204.352685  
67.80308757  
204.8095705  
19.02017806  
401.0581711  
92.11131032  
25.29624819  
16.07056561  
262.6718209  
385.4267694  
202.1330749  
465.2338386  
352.3929533  
249.4963194  
159.5128109  
274.3778103  
137.3722531  
90.16463261  
122.923634  
213.152193  
69.80145479  
431.219079  
60.09286118  
666.076249  
277.2572218  
141.6156991  
330.391432  
297.0831291  
39.27445681  
825.9654549  
58.75609889  
709.1108306  
213.4838141  
289.3121038  
521.7435508  
200.6784992  
466.0183057  
912.8069981  
31.36917842  
274.7709218  
21.33818796  
767.825635  
254.1755975  
82.37283281  
55.25032355  
168.1476916  
126.6324454  
257.7954921  
277.3291947  
57.14125435  
418.8875784  
135.9210702  
265.7739148  
65.26442157  
267.5916051  
104.6424204  
33.06673979  
128.0251825  
469.2573038  
488.3848027  
202.9122808  
112.027496  
50.30165478  
70.02857775  
58.77627054  
224.8134363  
94.69583857  
84.8373964  
180.8489558  
490.7706355  
123.8771986  
94.76208055  
327.6739594  
135.3303865  
15.52138213  
23.27751805  
25.5269323  
189.8757957  
53.2408406  
113.4251081  
148.5301018  
18.00279075  
10.65429871  
34.11616914  
195.8669867  
32.41096377  
184.6179343  
543.3222924  
146.1812473  
108.8477339  
301.1207547  
127.1322603  
83.65465647  
176.9185729  
372.657055  
135.202233  
115.8202769  
7.442064673  
129.9637513  
60.63243811  
96.14090949  
123.1228415  
177.9423329  
99.20098227  
165.2004737  
775.4323938  
1563.058351  
55.41374362  
122.5757039  
50.1008798  
41.10405144  
905.6617712  
382.508428  
282.6491191  
