251.029982  
480.4105672  
1156.807674  
898.5026538  
829.0605464  
173.4068331  
463.7261736  
253.5177955  
16.77295374  
35.92147424  
547.7605017  
42.71625962  
147.5338617  
229.9265493  
8.736110591  
202.0692318  
102.2490238  
471.7265239  
8.416700475  
88.78844675  
56.51451251  
333.5105912  
137.9583529  
29.01656507  
65.89643696  
31.10243112  
122.0826011  
6.078025342  
146.5545757  
33.61060032  
45.01168008  
57.40801069  
136.2344347  
84.22036911  
25.35732275  
70.11265279  
162.9197396  
298.1611988  
259.1351156  
46.90970053  
6.867327915  
140.1903484  
47.71306305  
5.970562313  
36.83708047  
14.29102973  
0.4396723707  
19.11291872  
9.838672231  
2.262901882  
183.9767582  
269.2082462  
57.74069019  
199.2317967  
51.60814129  
64.01881037  
31.36545144  
22.80893973  
116.678222  
234.0616842  
43.55320611  
65.71800358  
8.53264973  
77.65021449  
115.5403844  
52.86525388  
117.4676538  
37.46688582  
47.8131663  
195.537535  
38.56793128  
123.6168977  
26.16131668  
102.8596057  
30.03375481  
205.6005463  
20.63159812  
11.62339803  
78.42735393  
83.03308011  
64.24521918  
112.2256991  
124.4669965  
71.66641313  
214.3667993  
89.84376191  
4.113490944  
92.82343828  
69.60432773  
27.11869588  
37.0282476  
8.595696976  
253.6389308  
45.95646367  
304.8160279  
86.83798488  
37.74888393  
439.1937111  
95.87365957  
341.601635  
37.60066342  
102.7204125  
410.9269357  
547.178656  
2100.957242  
769.8673595  
1451.71639  
22.75418198  
851.6999611  
1285.537652  
3317.965115  
34.65853294  
292.4731687  
1681.720359  
257.7989512  
396.4443651  
92.30886534  
0.2151444924  
