4.971853946  
42.80687609  
874.4009495  
336.5568859  
1673.777634  
318.8801997  
1591.695605  
154.2549937  
1612.10716  
72.80593366  
2732.742841  
187.5764577  
284.4346725  
1111.683326  
580.0574194  
305.2202274  
1187.178764  
288.0523258  
54.6435084  
401.9669792  
73.82288571  
116.7174241  
842.6889886  
152.7489998  
33.18880828  
255.7017902  
246.6826823  
651.0511945  
185.6295473  
502.9065979  
377.6237477  
253.5708409  
537.886649  
161.2151875  
110.7091474  
176.5062585  
250.0902759  
593.8134491  
321.953687  
986.2969357  
20.61703468  
103.9759028  
111.9812856  
17.90005647  
498.5370669  
118.2621675  
114.9300024  
815.0483598  
25.82868686  
222.6814983  
194.6292606  
500.808776  
18.08281847  
41.28473301  
94.56960946  
588.6256528  
12.5294055  
78.17097473  
10.91302953  
51.2475535  
274.306621  
110.0591266  
21.48658464  
21.09417984  
41.4603226  
48.62646461  
59.7378444  
32.44944089  
29.84652353  
120.4880635  
21.04462589  
0.3776483311  
59.98448698  
169.0317025  
94.38034209  
50.60208357  
6.261457776  
42.36319076  
119.7707692  
76.38756569  
38.71966905  
23.47556915  
113.4918595  
82.73479799  
3.282855031  
17.97459522  
61.00749354  
113.9959318  
9.788576952  
34.11432584  
158.9494816  
38.91250879  
3.374116507  
74.34306196  
127.8959853  
3.985134135  
120.1949091  
22.05439712  
39.28084264  
3.888345503  
88.1584139  
2.051640153  
7.836894561  
152.3027945  
66.15393462  
44.60466279  
14.23592602  
71.83635564  
6.976854934  
5.935211361  
52.14840378  
60.50984324  
28.04061703  
56.29611159  
91.29788677  
156.0621332  
34.96735669  
24.23574514  
