40.4525215  
55.4048303  
12.36294312  
37.73605187  
824.3759058  
169.7269702  
160.577254  
87.05678565  
123.5618396  
13.41839744  
59.94435231  
191.8549036  
233.9876257  
23.97368509  
6.704930555  
69.95238448  
181.8198514  
295.8487057  
64.39831008  
70.33970215  
58.95051018  
31.36440327  
45.37894042  
150.0576763  
10.0524758  
162.8955278  
45.32023083  
107.7721922  
80.8535536  
201.0142943  
32.90103801  
20.81556955  
158.6830146  
82.31625275  
32.71626903  
692.7340965  
99.95513108  
238.0737943  
88.3791736  
46.78748082  
132.7630207  
88.60069034  
150.6691287  
66.67691382  
62.30083611  
193.9976961  
193.4360518  
24.97886239  
72.78613051  
47.83363581  
15.77995313  
122.9110979  
167.7794393  
155.3220346  
11.24893055  
42.21272855  
12.01428198  
38.93747184  
109.0556218  
3.709492093  
58.23395008  
4.904592376  
125.5737797  
327.4250023  
12.24654166  
135.7228943  
60.51492526  
21.67205492  
91.32006708  
12.25560747  
143.8064299  
108.5504642  
87.91064497  
394.2418477  
190.1615594  
92.07182352  
54.73672261  
72.97656296  
21.37618402  
81.66933432  
32.54760278  
260.1783018  
96.02627105  
4.839570432  
203.3129753  
21.3714603  
306.4723106  
47.1641224  
73.06601416  
116.0141126  
1.62692291  
116.5061904  
143.2503528  
130.1218484  
68.25001117  
16.65664487  
332.6464295  
377.55429  
151.8456035  
325.2503927  
127.3993818  
135.8164249  
434.4544764  
185.2010158  
1438.540591  
1054.309476  
1886.12084  
158.9706057  
826.7003528  
1876.971884  
4009.412161  
100.1898085  
1143.647141  
1615.449891  
164.4532969  
816.9503158  
8.026721723  
3.559209902  
