31.30678244  
14.56267036  
401.0686367  
1024.037653  
1097.078317  
1761.557127  
933.5626643  
531.4189209  
2062.070088  
182.9124098  
507.4028332  
127.7075895  
219.8316969  
547.7348846  
854.4166006  
476.5367662  
460.5561227  
496.9510901  
437.1829314  
441.7481268  
1196.867334  
65.53797289  
730.4350444  
113.7584822  
712.0879799  
706.1673407  
166.6498886  
558.2541381  
529.6071474  
325.642074  
128.5974833  
395.5985354  
166.1683111  
269.442727  
102.5904924  
13.55214005  
553.6049842  
148.7146667  
527.4891608  
165.0073541  
623.7904808  
2.082798846  
199.4984677  
487.2137301  
141.373482  
165.1995761  
266.1403736  
85.26132908  
69.01877398  
17.92021485  
0.4064605553  
282.3764747  
565.869339  
176.4465411  
178.0025476  
51.44280487  
1.091710365  
126.7628274  
54.35134889  
144.5803572  
215.4790008  
227.3015934  
56.1383417  
146.0581541  
286.6924619  
84.88278175  
30.07383632  
43.71379166  
63.92391773  
110.0129476  
55.42716807  
31.58415439  
26.64865666  
22.42923129  
53.99488207  
130.5591503  
5.60409455  
139.0944359  
5.999800998  
8.878763377  
33.43345123  
84.08672365  
22.77545767  
100.1080333  
9.798608874  
105.259496  
43.91783814  
50.68854033  
28.49159468  
56.33345872  
55.36163758  
3.332631041  
9.807831837  
9.49366188  
27.98843073  
27.95389822  
17.66376204  
2.72112207  
146.1392832  
44.65224325  
82.29312438  
0.3701771232  
30.87753306  
99.82434039  
20.15943777  
27.04028887  
101.5808521  
16.31862591  
12.58046841  
218.2416155  
83.91332575  
14.17159906  
103.9780892  
199.5222087  
17.48534227  
156.2912531  
78.96792805  
35.26422781  
