0.1302573121  
-0.6255683374  
-0.5987324186  
0.04955233554  
0.4051801719  
0.9999617068  
0.2704272722  
-1.037009662  
-0.7305624152  
-0.4381934515  
0.1841141945  
0.375207288  
0.008087986698  
-0.006086306325  
1.112642037  
0.9455372534  
0.7457157934  
0.4254779545  
-0.23505108  
-0.4455821384  
-0.3012853439  
-0.1774056637  
-1.345528967  
-1.491161073  
-1.905685614  
-2.057540714  
-0.5777279055  
0.1637571655  
0.3832019259  
0.09582480556  
0.5873892376  
0.4369483433  
0.1747228526  
0.6548981498  
1.440843727  
2.350064152  
0.8679063776  
0.4320587316  
0.318798584  
0.08363779118  
0.5191502258  
0.8626187332  
1.537032753  
1.082106526  
0.9143997055  
0.8811258033  
0.3234764941  
0.5820144078  
0.9801206857  
-0.03807225353  
-1.192357927  
-1.398977076  
0.4017863806  
0.6056672179  
0.9511825881  
1.207321743  
0.4596355969  
0.2544114784  
0.5142215063  
-0.01183168536  
-0.2067491729  
-0.1771685828  
-0.02444768565  
-0.003222487571  
-0.1967248172  
-0.919514639  
-1.011466259  
-1.375971563  
-2.08706211  
-2.224704144  
-1.221536167  
-0.720549354  
-0.03419667504  
0.3697247465  
-0.6912723854  
-1.415208589  
-1.665796499  
-1.629488959  
-1.960759098  
-1.616646955  
-1.647243209  
-1.46369039  
-0.7645816869  
0.8607930017  
0.4714555345  
0.4005930316  
0.5427308838  
1.03553087  
1.016433771  
1.164459507  
0.7886266322  
0.9049304221  
1.349631277  
1.392554339  
0.3941414307  
0.4995766042  
0.662625853  
0.9794955963  
0.8950021916  
0.09728328403  
-0.3148857388  
-0.004657260027  
0.4446651739  
1.332232397  
1.290615152  
0.5263312658  
-0.2899258446  
-1.232698551  
-1.136699206  
-1.698770927  
-1.484981142  
-1.948494453  
-1.360323896  
-0.6656492663  
-0.5541276749  
-1.035796453  
-1.383133644  
-1.005921805  
0.04035834033  
-0.9677771235  
-1.512631666  
-1.464113551  
-1.009648355  
0.5608305239  
-0.5661598565  
-1.308747266  
-0.3285557915  
0.4118998184  
0.6562765029  
1.510422614  
1.574196963  
2.04203429  
2.385496915  
0.821483485  
-0.2033146074  
0.3673865418  
1.83739303  
0.9627004092  
0.7175419976  
0.6767360081  
1.432935724  
2.277242225  
1.908461543  
2.222456032  
2.185348301  
2.149622733  
0.8457155805  
-0.2305842928  
-0.5664097482  
-0.8312295931  
-1.127564696  
-1.537265971  
-1.768406358  
-1.298386106  
-1.158341618  
-1.507798756  
-1.790615563  
-2.234711436  
-1.330854937  
-0.02588221121  
-0.22744496  
-0.1395999064  
-0.3742813244  
-0.08392644586  
-0.6312497104  
-0.8007836713  
-1.376723741  
-0.9677673243  
-1.073468612  
-0.3612383961  
-0.6015199048  
-0.3056613106  
0.01089156948  
0.004585744121  
0.4245221229  
0.6677431224  
1.198536636  
0.7767263277  
0.3998539216  
-0.04041608793  
0.08704118151  
0.3994811445  
1.496434219  
1.542769306  
1.107052599  
1.166955871  
1.910452334  
1.937886567  
0.9987747833  
-0.2537248444  
0.04563871988  
1.293691925  
1.276744801  
0.1555218453  
-0.2242916758  
0.1445475355  
0.689235687  
0.299863087  
-0.01765173635  
0.5346482805  
-0.02897932925  
-0.09487590253  
-0.7151227282  
-0.1877157635  
-0.817241105  
-0.6661183624  
-0.665039563  
-0.811934594  
-1.048516757  
-1.214981816  
-0.6879623153  
-0.9465769391  
-0.750244952  
-0.9299335242  
-0.8738161373  
-0.694747474  
-0.3283367104  
-0.1411707964  
-0.03651384149  
0.04408977356  
-0.07465704855  
0.2329599225  
0.6369491673  
0.8554546253  
0.6381809589  
0.5348542342  
0.3268790838  
0.4125193927  
0.2913812059  
0.04784553859  
-0.6076057303  
0.04091560054  
-0.09342768035  
0.3639301209  
-0.1722396317  
0.9049186838  
