0.7399038985  
-0.03563508405  
0.1359233686  
-0.8417987515  
-0.0466297803  
1.238884539  
1.597661922  
-0.7099931787  
-0.8132844103  
-1.286156236  
-0.3486099721  
-0.1238685376  
0.9896548719  
0.03874470173  
-0.118657044  
-0.9675398192  
-0.05243918885  
0.8444764956  
-0.1074660541  
-0.8141155705  
-0.5117786102  
0.4026469283  
0.3056422898  
-0.1058518944  
-0.1018008566  
0.6123253872  
0.633870433  
-0.2812443548  
-0.2041151098  
0.01954710921  
-0.08974637745  
0.01577630683  
0.2906984389  
1.111931958  
1.290332907  
0.2122321851  
-0.9335597689  
-0.6468240973  
-0.08566345057  
-0.5553751935  
-0.7589408638  
-0.2651036226  
0.6542246977  
0.6907355202  
0.4666875617  
0.07597390014  
0.5340985529  
0.5217101203  
1.665005117  
1.466652048  
1.94076394  
1.44077658  
0.2197473427  
-0.1832091876  
-0.397105959  
-0.6622482834  
0.4993030652  
0.1770000342  
-0.1836357894  
-0.6293605374  
-0.3125637956  
-0.7495714552  
-0.2889770845  
0.01273388159  
1.517377159  
1.701957848  
1.030024939  
-0.08444782334  
-0.6500249942  
-2.188342386  
-1.963994426  
-0.8295480774  
-0.9132334239  
-1.639334757  
-0.9750628228  
0.3926152525  
1.236715832  
2.247514904  
1.838447514  
1.464455385  
-0.04269394433  
-1.67032903  
-1.605035261  
-0.1770747422  
0.1408386046  
-0.5073172318  
-1.650669434  
-1.036477263  
-0.4224933202  
-0.426952506  
-0.007331181022  
0.7286135092  
1.291586374  
1.735962347  
0.4206389677  
0.6301171892  
1.444102911  
1.545276319  
0.4555199494  
-0.3568491457  
0.008902710289  
0.06249409694  
-0.4875027836  
-0.5508889632  
-1.011906114  
-1.567553  
-1.859973719  
-2.139282773  
-1.754253529  
-0.592771524  
0.5702066112  
0.2353722069  
-0.2623292732  
-0.2682091172  
0.8460095086  
0.9704614944  
0.9746605246  
0.4514284152  
1.232838459  
0.8585159344  
-0.01854380704  
-0.2106152151  
0.524033985  
0.8119909251  
0.7900414386  
0.3395537422  
0.06226162592  
0.1636996556  
0.4071342981  
0.8375172195  
0.8796682871  
0.4968120407  
0.7802258018  
-0.849714382  
-1.250290683  
-1.128481443  
0.2728292739  
-0.8087561536  
-1.067794459  
-0.5377327123  
0.02666304189  
0.1124939765  
-0.5798288167  
-1.106997279  
-0.3932882756  
0.3415078697  
1.240414666  
1.103387402  
0.6351603206  
0.9172335725  
0.05151435813  
-0.3570443113  
0.2473301063  
0.7065396691  
0.4627503798  
-0.2946459152  
-1.282650309  
-1.089692981  
0.2311595727  
1.170621235  
1.125599603  
1.610647052  
1.397431481  
0.4172783598  
-0.3619572231  
-0.4544982138  
-0.9449905598  
0.08188972483  
-0.6634467486  
-1.691801008  
-1.306880534  
0.07843149112  
0.8149391899  
0.2587304473  
-0.1517663348  
-0.6567503893  
0.3864316395  
1.107138656  
2.094214777  
2.247131539  
2.136526481  
0.5320185552  
-0.6063242799  
0.3211616716  
0.358387811  
-1.42787421  
-0.4019041564  
-1.715807728  
-2.630776467  
-1.182724877  
0.449398852  
1.368060559  
0.8303505633  
0.5471794786  
0.6312937552  
-1.287847855  
-2.844860531  
-3.15457211  
-2.387464157  
-1.718798446  
-1.395431547  
-1.289376833  
-1.724059555  
-0.8778196157  
-0.4407067803  
-0.0006118256634  
0.7228399343  
-0.2897077736  
-1.271067165  
-1.317317559  
0.1495438717  
0.4332658174  
-0.03630698036  
-0.7337960369  
-0.2067095424  
0.3924302465  
1.361722235  
1.506375839  
-0.1883883222  
0.07368953683  
0.3736340034  
1.142605554  
0.641756906  
0.6679082119  
0.7552417158  
0.7567065588  
0.6889193975  
0.9952524245  
1.19611929  
0.4908427163  
-0.08703072772  
0.3101256871  
0.03328013534  
0.2749800523  
-1.493134944  
-2.479007086  
