1.543616561  
2.133081664  
0.6666945416  
1.593173267  
-0.2289720233  
-0.5068542919  
-0.04036275361  
0.9569321681  
-0.592405607  
-0.1549538801  
-0.4854205703  
0.02676719941  
-1.42105327  
-0.8215748755  
-1.358015693  
-0.6223180334  
-1.388937407  
-0.9070975189  
-0.0549286797  
-0.4051041684  
-1.23598737  
-1.166092139  
0.7096035994  
-0.1455873842  
-0.6854585514  
-1.949960071  
-0.459244676  
-0.007358518974  
0.5509341387  
0.05768191692  
-0.4090880857  
0.5742137944  
0.6431274883  
0.1660039498  
0.5126779674  
1.16596409  
2.622740889  
0.8468226585  
-0.006152045818  
1.346226163  
1.541402443  
0.1812322158  
-0.1527230653  
0.5941343634  
1.585362141  
1.263366661  
0.3710862508  
-0.2433473521  
-0.211195387  
2.144707335  
1.984846549  
0.8715996469  
1.018426468  
1.195725293  
0.5528855098  
-0.3491408992  
0.3230055854  
0.8370160556  
-0.6002684135  
-0.4236250573  
-1.779860843  
-0.984723311  
-1.088860104  
-0.7492179503  
-0.9703361699  
0.3441837294  
-0.6609364162  
0.1611777609  
-1.596672456  
-1.765917831  
-2.832840673  
-1.185261825  
-1.164277866  
-1.158379262  
-1.271845634  
-0.3776646173  
-0.2012267769  
-1.400182367  
-1.139835843  
-1.353116528  
-0.1827167228  
-0.1996420152  
-0.2282324341  
-0.1244436437  
0.4330913277  
-0.3272911127  
-0.8844890223  
-0.3795072913  
1.311102565  
1.34685637  
1.232442505  
-1.45624019  
-0.7856704279  
-0.4156228357  
2.673575682  
1.475604907  
0.5600147986  
0.1338659517  
1.285546249  
2.363171598  
1.982709144  
0.09887879198  
0.6082039947  
-0.3043959944  
-0.2548447588  
0.1073889541  
-0.3297786168  
0.1115956003  
-1.077391735  
-0.1576357185  
-0.5118618374  
0.5389469626  
-0.9115424162  
-1.35306644  
-0.4457803997  
1.660408577  
0.7912805862  
-0.8043257895  
-0.4203690098  
1.473826409  
0.4529124049  
-0.9555663777  
-0.6892600049  
-0.8640977531  
1.302699552  
1.069566107  
-0.6453031396  
0.7315719419  
0.9685507562  
-0.06876681497  
-0.694336578  
-0.5792722491  
-1.282734043  
1.936193459  
0.01721053527  
-0.04236769759  
-1.029028639  
0.9287755431  
0.2872477696  
-0.07091859619  
-0.7083640566  
-0.2131901359  
2.487041899  
1.407406032  
0.8086171217  
0.7769846931  
1.271654746  
0.9239698566  
-0.1406466297  
0.02754637333  
0.4502928563  
1.148892397  
-0.03139549181  
-0.325565417  
-0.8745594872  
-0.2779341938  
-1.36028295  
-1.048605251  
-1.199529885  
-0.8138939519  
0.8180178396  
-0.1689992904  
-0.7434721208  
-1.86023978  
-0.3128098025  
-0.2849296976  
0.8884116631  
-1.114306459  
-0.5994891941  
-0.9404927959  
-0.6930167663  
-1.745761113  
-2.035488528  
-0.3042779675  
-0.01331105494  
0.1221594841  
-0.8215747511  
0.2470083264  
-0.09188166217  
0.8476789814  
-0.1850027108  
0.08291838949  
0.1760139766  
1.451713242  
1.190008578  
0.3409595521  
-0.9023858406  
1.987230637  
1.240342651  
0.6548221558  
-1.169406673  
0.2134748852  
1.199891223  
2.164274039  
0.6226331386  
0.07431423545  
-0.2203396371  
0.05262851347  
0.4238274257  
-0.4566773708  
-0.1738654938  
-1.356477265  
0.428177991  
-0.2956213158  
0.6612285791  
-0.3734603245  
-0.8370179088  
0.07939184849  
-0.02288444699  
-0.6084424837  
-1.64611712  
-0.04195293143  
-0.7069641365  
-0.3293788164  
-1.933115757  
-1.022769608  
-0.6413529617  
-0.05589755853  
0.165288045  
-0.2388122123  
0.7354330768  
-0.656795944  
0.3736592186  
1.57064679  
2.199196986  
1.219405882  
0.7850409719  
0.1996113816  
0.5836364836  
0.1821557041  
0.3925746968  
-1.880182633  
-0.193326143  
-0.4256823706  
0.7863810167  
-1.143390025  
