1.062257765  
-0.0294195199  
1.984249247  
-0.6916080728  
1.123999848  
-0.2783436994  
0.8148895748  
-0.5067262393  
0.8805324606  
-0.9164698944  
0.5682687161  
-1.596855921  
0.5195527127  
-0.8790318652  
-0.2218765429  
-0.4830585347  
-0.02170543589  
-0.6865045588  
-0.7478537212  
0.8091742342  
-0.7689670993  
0.2195130433  
-1.424771311  
0.05618839784  
-1.660567196  
-1.030428505  
1.206425426  
-0.6044795383  
0.7068533836  
0.2859980074  
0.1978504189  
-0.4482159834  
-0.4269834219  
-0.8683660361  
0.7591542343  
1.059777235  
-0.4109803266  
0.4312547893  
0.5596412632  
0.4714882007  
-0.1767748246  
1.131229888  
0.6608614728  
-0.8773940854  
0.6686008637  
0.7225366248  
0.8711093139  
1.447474603  
0.5444090042  
-0.8319748744  
-1.417372468  
0.1348896902  
-0.8425871966  
0.7840775242  
0.4734862569  
-1.236430192  
0.2612440347  
-0.4077058497  
0.735128604  
-1.417423729  
0.9095852507  
0.1792478998  
0.6124506726  
-0.1149408024  
1.136863165  
-1.5595663  
0.9268076679  
-0.8597838045  
1.222661849  
-1.233957335  
0.3923793641  
-0.5855976633  
-1.363787537  
-0.4252927884  
-1.591125521  
0.1063522185  
-1.042320393  
-0.01081583361  
-1.798951147  
0.1673773499  
-0.4375988898  
-0.02633130166  
-1.609424494  
0.3512450249  
-1.7849824  
0.6555047078  
0.1197068059  
-0.2676351051  
-0.6585736251  
1.595703252  
-0.3515393223  
1.577141013  
-0.4962572769  
1.088188445  
-1.879972718  
0.3843188272  
-0.8599673318  
1.734145272  
-0.260912134  
1.78830574  
-0.2107150291  
0.8951059883  
-0.7130555162  
0.8855639895  
-0.6395481123  
0.5067157396  
-0.3092892909  
-0.105625678  
1.680278484  
-1.482798334  
0.5903221529  
-1.683350459  
-0.002017951039  
-1.748075292  
0.4340692417  
-1.301310209  
0.7256522983  
-0.7968797126  
0.6987476482  
-0.07304423936  
-0.004446059501  
1.136558995  
-1.300324231  
0.0645164613  
-0.9961596575  
-1.096844348  
1.614514261  
-0.3737385047  
0.2810084396  
-0.4865938014  
1.804104785  
-0.7197148837  
1.416619444  
-1.217439746  
1.878217553  
-0.374989648  
0.8673869401  
-0.6604351959  
0.2559142549  
-0.787674041  
0.5149453486  
1.764130633  
-0.6688507937  
1.081852487  
1.326590926  
-0.9217139556  
0.4817338089  
-0.7593707144  
0.8873204366  
-0.4031015427  
0.9274020333  
-1.220070021  
1.138511803  
-1.679128261  
-0.2681192334  
-2.40414955  
-0.1756023328  
-0.5280563896  
-0.0988402425  
1.82785991  
-0.5555847208  
0.7715807884  
-0.4897240355  
0.4208420137  
-0.8741623122  
0.7511601595  
-1.038468525  
0.4085665301  
-2.087047935  
-0.3785803971  
-0.5031764615  
0.83412612  
0.5730231506  
-0.2694350107  
0.4991768656  
0.3673403508  
0.8974131632  
-1.543179222  
1.069972332  
-1.070373232  
1.45257804  
-0.9342608961  
0.4844003375  
-1.12436047  
0.2111515466  
0.7138293588  
2.15115644  
-0.7709707815  
0.8723093299  
-0.4055704484  
2.740379011  
-0.5004697228  
0.9823902655  
-0.5413954029  
0.9431771059  
-0.8216617165  
0.5238115211  
1.046130532  
-0.05212682596  
1.441381835  
-1.195393631  
1.615061111  
-1.361372763  
1.615199412  
-0.1738001724  
1.314677313  
-0.2320619885  
0.5594763198  
0.5239940868  
-0.9035075374  
0.9402931503  
-1.788619457  
0.3558554151  
-1.520868704  
0.7003832946  
-1.346268205  
0.03815824474  
-0.5924420018  
-1.135016053  
0.8011960053  
-1.734031165  
0.5084406879  
-1.759536215  
0.8624769204  
-1.128840814  
1.173068106  
-0.9178509783  
0.7738512974  
-0.9699253615  
0.08709518552  
-0.7901757859  
1.094562132  
-0.4365700629  
1.446483167  
-0.1734439188  
2.109642202  
