1.071771138  
0.2305376845  
1.063211283  
0.3510809034  
0.4020716405  
0.2119834491  
0.9302909248  
0.02803684916  
-0.389955342  
-0.316678492  
-0.05059460116  
-0.2928019814  
-1.779829031  
0.01153133507  
-0.8814731386  
-0.3090664162  
-1.149591065  
0.3447740468  
-0.04285324241  
0.9866651031  
-0.4944160946  
0.1613263505  
0.3104451655  
0.5680371519  
0.2483358512  
-0.2987673535  
0.176525976  
1.123445835  
-2.270848672  
0.2113035161  
-1.676205481  
0.2948892187  
-0.2599651814  
1.511563509  
-1.96151673  
-1.472409151  
0.09560658163  
-2.72684433  
-0.6298847675  
-2.578120134  
-0.548780472  
-0.8364374396  
-1.283595667  
-0.7973375306  
-1.194627037  
-2.416997321  
-0.1687916708  
-1.742386018  
0.308002028  
-1.509215679  
2.446543304  
1.17258896  
1.331959515  
0.1464678419  
-0.1892748926  
1.015754435  
0.05642397454  
1.03949318  
0.8128148074  
0.4139068187  
0.8999903258  
-0.1851058189  
1.318674305  
0.2743025092  
1.568233779  
1.645267063  
0.7816372865  
0.4663056707  
0.4696031733  
0.5914422162  
1.880969453  
0.8427670328  
4.067470832  
0.05857186373  
2.434742199  
0.1630549209  
2.075428614  
0.1151159095  
1.356594614  
-0.4632260112  
-0.8519446243  
-1.835736397  
0.410013966  
-0.6129088433  
1.125998062  
-0.6116371207  
0.3250559354  
-1.572843915  
0.2292012912  
1.276276525  
0.8970382862  
1.155989103  
0.06391248153  
0.3974170905  
1.498228626  
0.05328088199  
2.050815256  
0.1990716726  
-0.3174410366  
-1.347915286  
0.4796281693  
-1.239012375  
1.925825781  
-0.4323162516  
1.937844368  
-0.6848756771  
1.795401278  
-1.097591267  
-0.660258819  
-0.4936854742  
-1.212100131  
-0.05179334267  
-1.034193553  
0.661627913  
-1.225881773  
0.3751158122  
-1.92161  
0.8725359551  
-2.287089064  
-0.2035477816  
-1.820272894  
-1.076609109  
-0.5962059784  
-1.158258788  
-0.008826949634  
0.4077497611  
-0.8744974679  
1.643885966  
-0.1262074193  
0.9041098292  
0.4390927667  
0.3805756086  
-0.3601023903  
-0.1204180852  
-0.6941177744  
0.2597538629  
-0.6288898176  
0.9939792538  
-0.7053616288  
0.865541445  
-0.6066505441  
1.140105847  
0.4771455624  
0.6372121844  
0.1021043081  
0.7562486553  
-0.4665691678  
1.079147644  
-0.2429953044  
0.814179469  
-0.7039106382  
0.6608172419  
-0.6988136559  
0.7799912952  
-0.8186743116  
0.2806429707  
-1.320655692  
0.08733498553  
-1.089115863  
0.6963375133  
-0.334691813  
0.8373395346  
-0.2164299011  
0.8662774808  
-0.02245082426  
-0.3893676792  
0.463118956  
-1.327208559  
-0.2315500721  
-1.494484064  
0.4165621478  
-1.137371168  
0.3148482185  
-0.8652216497  
0.3595524936  
-0.6785132508  
-0.4876284078  
-0.04288508528  
-0.2069951414  
0.1433845998  
-0.4969045574  
0.7163002107  
-0.5227140465  
1.646371245  
0.07610662233  
0.2858218904  
-1.020504187  
-1.990481611  
-1.609589207  
0.2153539522  
-0.2720299713  
0.9508478365  
-0.3378252383  
0.9034256005  
-0.8192373311  
0.8426052237  
-0.7695128191  
0.2605290456  
-0.9033703676  
-0.1738823129  
-0.07386090574  
0.09976004956  
0.433543821  
-0.3039700164  
1.541837984  
-0.728871925  
1.43013106  
-0.7608079423  
0.9292161427  
-0.7116570232  
0.3365921474  
-0.1808958345  
-0.6869636384  
-0.1310002317  
-0.938265121  
0.8072652888  
-0.3554221664  
1.528757612  
0.1051908246  
0.4281627644  
0.1329600787  
0.09983723045  
1.428674024  
-0.3036454216  
0.6626414851  
-1.272202598  
-0.07134959176  
-0.6912230694  
-0.286155315  
0.7288007539  
-0.5662437246  
-0.1961999216  
-0.2400395361  
-0.06481184466  
-0.2720956187  
-1.299947409  
