0.428840669  
0.4242944945  
0.8612380098  
0.7970215134  
-0.68885038  
0.1674510743  
0.6872345786  
0.7043568998  
0.4894168423  
-0.2372926046  
0.06141946927  
-0.7196246872  
0.8305528819  
1.551335712  
1.167066236  
-0.6175557709  
-0.7889700914  
-0.4404245314  
-0.89436569  
-1.296443184  
-1.678315818  
-1.323217191  
0.3295743161  
-0.2828383944  
-0.9584895051  
0.2432236642  
-0.3333982644  
-1.327914773  
-0.6948532985  
-0.2641527924  
-0.07897772437  
-0.6597382972  
-0.6907233885  
0.4160213373  
0.1530996905  
1.148990858  
-0.5547099407  
-0.9828833126  
0.3254553236  
1.376772022  
0.7807996709  
-0.7214709241  
-0.3993252918  
1.666350166  
1.154823257  
-0.5514852179  
-0.2337783683  
0.7006705827  
1.723092051  
2.490827426  
1.536601229  
1.403324306  
1.649949431  
0.2118153682  
-0.9268382917  
-0.873213244  
-0.6431881866  
1.194261029  
0.4864872861  
-0.5282445169  
-0.6019539376  
-1.34540361  
-1.153115547  
-0.751317976  
-0.2458464892  
0.1453232292  
0.673048677  
0.3596205028  
-0.03070348887  
0.2510710003  
0.7240543268  
0.1038034844  
-0.6052350092  
-2.14284239  
-0.1906396962  
0.4706687227  
0.295781778  
0.1267611287  
0.186531075  
0.466745243  
0.7616945229  
-0.1087025464  
-0.04322715755  
0.1137928326  
-0.8261124011  
-0.8717801976  
-0.4291272475  
-0.4171974568  
-0.847934958  
-1.472491207  
-2.445476599  
-1.909778359  
-0.8468541081  
-0.6692639417  
-1.506257891  
-1.871993751  
-1.49171162  
-1.320182242  
1.20058236  
1.634759265  
0.7611716411  
0.447226396  
-0.7857615273  
-0.4364995923  
-0.2778973645  
-0.6603675132  
-0.1215920199  
0.5421102546  
0.1844280224  
1.119876352  
1.850497915  
2.007545041  
1.964646424  
1.328200447  
1.676535677  
1.513021528  
1.392051406  
0.921272939  
0.9379309427  
1.387079723  
1.898984273  
0.6752280998  
1.174848966  
0.7785759262  
0.7240958752  
0.7699582165  
1.694036984  
1.411905155  
-0.2767186578  
-0.2443454021  
-0.7653060832  
-1.301316145  
-0.3582960606  
0.8808282031  
0.8330332553  
0.3165036372  
-0.4716065919  
-1.497827429  
-2.137083934  
-2.552730293  
-2.563233923  
-2.178137749  
-1.955925687  
-1.958829946  
-2.614524113  
-1.231553284  
-0.4998193076  
0.5000897309  
-0.5241466091  
0.0930866686  
1.41817658  
0.9002974491  
1.532652798  
1.155021254  
0.937405436  
0.4929544913  
0.5485533916  
0.3045142174  
1.984562584  
1.475473163  
0.2365801884  
-0.6436822756  
-0.659920688  
0.4398710114  
1.347910293  
0.9119502532  
0.4156887366  
0.7776848262  
-0.03748321023  
-0.06701255386  
-0.5183059826  
-0.6878831231  
-1.060650603  
-0.1035927639  
-0.7020503194  
-0.80753975  
-0.9726560285  
-0.9010773384  
-0.6341551229  
0.1761015686  
1.199652855  
0.7054269455  
-0.4130433239  
-1.323622131  
0.3186469134  
0.4365576647  
-0.5593327936  
0.1681505452  
-0.4750902373  
-0.6018901969  
-0.3875308298  
0.05205055327  
0.537468352  
0.4560936339  
0.3730224398  
-0.2650080879  
-0.4103225828  
-1.405451271  
-1.261302496  
-1.226069264  
-0.09240892541  
0.5165103942  
1.197026156  
1.56041175  
-0.3222724251  
-0.7591561866  
-0.02480385024  
0.4447348642  
-1.103304518  
-1.304964896  
-0.8508552412  
0.185576214  
-0.06031493379  
-0.1080501211  
-0.329980332  
-0.3617264637  
-0.3550719211  
-0.6664050623  
1.11142217  
0.5845215929  
0.7642159492  
1.04463832  
1.836455117  
1.343474806  
0.8942351424  
0.1835888302  
-0.8281909881  
-0.9418831183  
0.3115961104  
-0.1949748441  
-0.3347123231  
-0.07832040745  
0.1079104088  
-0.08261665551  
-0.1866560087  
-0.7888662736  
