-0.1919579918  
-0.8596062875  
-1.465887267  
-0.7690817745  
-0.1941243964  
0.4407906367  
-0.2447028445  
-0.4392815424  
-0.6209779146  
0.4684528031  
-0.5848862431  
-0.3068151653  
-0.2788547992  
-0.7997270973  
-0.4904974334  
-1.475644714  
-0.7766666992  
-0.002475875991  
0.1279048204  
-0.1170136483  
0.744481298  
0.7962254286  
1.610023345  
0.892209271  
1.296741398  
2.595843796  
1.447166545  
0.9004504085  
0.4799404344  
0.7022604873  
1.236938974  
1.115600639  
1.039232814  
0.9165774859  
1.721560754  
2.18119555  
0.7286611366  
0.8464531585  
0.8682295032  
0.6869181839  
0.1364544852  
-0.7350392976  
0.4460328086  
0.7505303972  
-0.248674681  
-0.09642489453  
-0.9848115876  
-0.5510903036  
0.04707527335  
-0.1655086357  
-1.0178107  
-1.192853099  
-0.6098866394  
-0.2390163661  
0.6882237686  
0.9150539103  
0.2092836146  
0.324034254  
0.1408258949  
0.1823730259  
-0.2732180144  
0.3104661463  
-0.4453720164  
-0.273204031  
-0.5185968433  
0.265439558  
-0.4794494966  
-0.3217930842  
-1.419792355  
-1.649345833  
-2.715639335  
-2.339360143  
-0.9300442523  
-0.3281092101  
-0.4928630299  
-1.105212425  
-0.9215025181  
-0.8315201909  
-0.2066731531  
-0.9557355691  
-0.8350033487  
-0.7333590879  
-0.3584678642  
-0.2406658519  
0.4102730983  
0.04041518984  
0.6877059044  
0.4858693388  
-0.07033445319  
-0.1218543443  
0.3875440396  
0.3741443988  
1.260323637  
2.212361202  
1.771574695  
1.074072423  
1.679717224  
1.469061203  
2.138692624  
0.6923932829  
0.3230666375  
0.6549067382  
-0.1679693469  
-0.5321509412  
-0.07585731072  
-1.017750402  
-1.150247602  
-1.332895714  
-1.458452672  
-1.319957458  
-1.006637306  
-0.9319997285  
-1.190847501  
-0.3066883488  
-0.3962077766  
-0.9594264699  
-1.063314337  
-0.873116878  
-0.4061458095  
-1.209208633  
-0.6068459466  
-1.135818873  
-0.2442269843  
0.1544771574  
-0.6068499184  
-0.8984504149  
-0.04249629536  
-0.530414956  
-0.05899094232  
1.102332638  
0.4959962641  
2.134672568  
2.733369308  
2.506314036  
-0.008826020599  
-0.008083835253  
0.8368928845  
1.128303172  
1.173025895  
0.6917240242  
1.209822751  
1.426335762  
1.747064464  
0.3118379583  
1.006455179  
1.91792517  
0.6823619214  
0.3867255531  
-0.3028229407  
-0.6169426033  
-0.9379076045  
-1.550708898  
-1.435451751  
-0.7620062973  
-0.385168631  
-0.9147346223  
-1.516806401  
-1.881296281  
-0.8387232767  
-0.09555972222  
0.4285611502  
-0.6441050615  
0.2981239314  
-0.2119334736  
-0.3779527985  
-1.089588571  
-0.4969034786  
-0.5619703299  
-0.5055709117  
-1.080809166  
-2.228661777  
-1.769278136  
-1.566633378  
-0.5502700877  
0.4170221016  
1.743150409  
1.335294683  
1.279745222  
1.085856537  
0.799794289  
0.9011700899  
1.209772501  
1.527507691  
0.768532113  
0.2089342344  
1.392720265  
0.4100715701  
1.706619441  
-0.2752990317  
-1.473564943  
-2.03877871  
-1.359557051  
-0.741052662  
-0.9157315544  
-0.7162574557  
-0.3039412887  
0.2952768751  
-1.147059678  
0.08164209779  
-0.01174947395  
0.006499774672  
-1.532054819  
-1.027134082  
0.02117335943  
0.4901295873  
1.664075675  
2.106736734  
1.670580146  
0.4436443409  
1.248073709  
-0.03853381876  
0.5869051696  
-0.1435839834  
0.04001809382  
-0.2208886838  
-0.5197241167  
-0.1098604027  
-0.06950633878  
1.129084854  
-0.6194055027  
-0.6093544865  
0.04612105982  
0.7430671868  
-0.1829373775  
-0.2687800127  
0.2062665712  
-0.1639154157  
-1.110227223  
-0.1304826358  
-1.326592726  
-0.5064657449  
-0.8845833219  
0.007451545372  
0.1818735686  
0.8615270023  
1.42470758  
