-1.142359697  
-1.688882664  
-1.86370438  
-0.4953356095  
0.4448734756  
1.143882055  
1.612555752  
0.4295010527  
-0.004379892473  
0.5440402014  
-0.2584535291  
1.027267166  
0.668976754  
0.01465776022  
-2.31276839  
-2.066030146  
-0.2261763774  
1.286568653  
0.5720241202  
-0.784937971  
0.4563530201  
0.4891766116  
-0.4778613187  
-0.3515002214  
0.934028843  
1.325063719  
-0.01706721157  
-0.1645672028  
0.7623709409  
1.116882541  
-0.3417625719  
-1.317426052  
-0.2445284469  
1.67186166  
1.445486665  
0.708282566  
-0.7206628002  
-0.5279570019  
0.3010601236  
-0.1651829265  
0.01088648662  
0.5712606393  
0.5135165971  
1.196033945  
0.2598730914  
0.2875782913  
0.1822857106  
0.6380848852  
1.155604346  
0.3128143735  
0.766223881  
0.2746228598  
0.9374083333  
0.2030338811  
-0.7657631073  
0.9581894334  
0.05299399524  
-1.600165483  
-0.6473352724  
0.345477638  
0.7766734348  
0.3789179341  
0.01675702579  
0.8523944255  
0.4717386023  
0.5864085725  
0.728932408  
0.2612899878  
-0.8708646177  
-1.78349141  
-2.108862661  
-2.534980506  
-1.07572921  
-0.9166879054  
-0.9159177165  
-0.9049424953  
-0.6754125255  
-1.38261279  
-1.346034261  
-1.421979672  
-0.5289905388  
0.4539770151  
1.560700079  
1.018471289  
0.3245770434  
-0.2497789999  
0.583483314  
-0.7105902364  
0.1847673798  
-0.1569503615  
0.3829588621  
0.7519144812  
2.32286986  
2.067866365  
1.21170682  
0.5533888263  
0.8864047885  
0.942161401  
1.927942131  
1.386615142  
1.408054307  
1.245428636  
0.1547738557  
-0.6525157394  
-1.011266539  
-2.006611835  
-1.648111197  
-1.177024061  
-0.5383831169  
-0.5248778164  
-1.709921084  
-1.523923919  
-0.8248132175  
1.333371946  
0.3656420808  
-0.931709053  
-1.243611969  
-0.298366969  
-0.6484028086  
-0.7118751406  
-1.017120757  
-0.9147868253  
-0.2436505548  
0.6097234647  
-0.5927242732  
-0.9602211306  
-0.348874808  
0.4541025052  
0.9209922896  
1.798083028  
0.5319964918  
-0.2896887953  
0.1295679395  
-0.01993153787  
-1.523326486  
-0.08701789736  
0.3939400586  
0.9977856965  
0.4786313598  
0.8318197362  
0.5418103877  
0.006902714956  
-0.7208859801  
-0.7606194529  
0.3739661284  
1.619752489  
1.489997864  
1.533366508  
1.629616723  
1.872256078  
0.1073685251  
-0.2531056295  
-1.532858825  
-2.030853771  
-2.921740286  
-1.705175957  
-0.02945958529  
0.7998847103  
1.313426762  
1.307490799  
-0.3019499129  
-0.5587046672  
-1.039479479  
-0.7938854137  
0.5710434568  
-0.1422005906  
-1.228370431  
-1.162900834  
-0.1495587031  
-0.3613515865  
-0.51820726  
-1.415993561  
-0.7320230373  
-0.8461486157  
0.5137075124  
0.05640404116  
0.7316647736  
2.047311936  
1.384570945  
1.694041081  
0.5987167652  
1.658489836  
0.8864361023  
1.173749535  
1.133812986  
0.1315427218  
0.9998191011  
1.004580354  
-0.2396267362  
-0.261364543  
-1.452384408  
-0.1616226202  
-0.1788491289  
-0.5674409252  
-1.464049897  
-0.6457266005  
-1.447883207  
-0.8821418307  
-1.032539875  
-1.138532752  
-1.183208828  
-1.049081372  
0.3605575211  
0.5313792395  
0.8668723799  
0.1372820025  
1.452876975  
0.860592475  
0.9054981095  
0.6269893277  
-0.229163857  
-0.6158868343  
0.3192315528  
-0.229192456  
-0.776793612  
0.4877935413  
0.3442661496  
-0.3055395954  
-1.267667583  
-1.006586406  
-0.4452353132  
-0.5704418483  
-0.4038210094  
-1.417071753  
0.2994659806  
0.6614240858  
1.333129216  
0.5082950564  
0.3435009927  
-0.6802468912  
-0.7969168333  
-0.4785180015  
0.2643390561  
0.2060416444  
0.4701084832  
1.28139273  
