0.1965186784  
-0.04468550368  
0.7289025512  
-1.186869878  
1.118505466  
-1.089258097  
0.9794035252  
-0.5368048684  
1.001328383  
-1.20185934  
1.051743795  
-1.115414182  
0.1034193268  
-0.7445698765  
-0.3762188899  
-0.005946879741  
0.1031437592  
-1.150591595  
0.5850884532  
0.1146987888  
0.1692570442  
1.337268922  
0.0359722388  
1.848985085  
-0.4619429067  
-0.211630588  
0.6264209404  
-0.1275657905  
0.3143171923  
-1.288951895  
0.1931082126  
0.6967711808  
0.519658508  
0.1606495121  
0.4610252986  
-1.349500729  
-0.2662686219  
-0.09893710187  
-1.997187795  
-0.2529353071  
-0.4766189503  
-0.2787244292  
0.1257398613  
-0.8350984972  
1.564168426  
-0.9028171636  
-0.1948733559  
-1.03291572  
-0.7508101499  
0.4499060806  
0.8299330895  
1.655342392  
-0.6567801458  
1.436358094  
-0.5999918173  
-0.7474453956  
1.403846241  
-1.26154774  
2.157534426  
0.1257215142  
1.169716736  
-0.08585686276  
-0.07194524554  
-0.4914527997  
0.2425207756  
-0.4685789739  
1.393555461  
-0.8697807642  
0.6818701877  
-0.6173057153  
0.6231046439  
0.3352925555  
-0.4979589859  
0.3448898051  
-1.2454311  
1.441005044  
-1.8501053  
0.1435960778  
-1.593513618  
0.7776573822  
-0.8308902295  
1.176352863  
-1.350124628  
0.8854125563  
-0.8321087015  
0.9184507451  
-0.4948185307  
0.8743615226  
-0.1467718989  
1.463761745  
-0.8442429413  
0.7224880468  
-1.07571795  
1.478932331  
-1.521355674  
0.09858743447  
-1.448869085  
1.044139318  
-0.2956798922  
1.576128953  
-1.790873632  
0.6290044246  
-1.11654636  
0.1090587455  
-1.072203347  
0.562920186  
-0.00343324404  
1.039737449  
1.887668349  
0.311671905  
1.846825613  
-0.8074460729  
1.733197483  
-1.520228149  
1.183614943  
-0.2486620304  
0.6249094861  
-1.17455031  
0.9132070427  
-0.2544117237  
-0.1545516439  
0.2419345135  
-0.8988495919  
1.687120464  
-0.5211404902  
-1.336353513  
0.1530922116  
-0.1872416195  
0.7333731958  
-1.779073098  
1.017674329  
-0.4248292181  
1.68737819  
-0.3845094941  
0.2924121714  
-1.520760241  
0.7506125322  
-0.9628105175  
0.5544600322  
-1.347951042  
0.7285764923  
-0.317155747  
-0.741199642  
1.373169708  
-0.419248529  
-0.09900122213  
1.078190182  
-1.696330882  
1.106041376  
-2.405431151  
1.683282733  
-2.161836779  
0.7860897682  
-1.041611091  
1.624457686  
-1.110126677  
0.9166243322  
-0.7551826337  
0.1307367924  
0.4641380568  
-0.1228042245  
0.07917288335  
-0.02547107292  
1.022987868  
-0.09284671555  
1.536670017  
-1.850192246  
1.62705521  
-0.04212415852  
1.12572326  
-1.056121  
0.4149496811  
-0.4450227033  
0.2182272051  
0.2272649061  
-0.738250795  
0.7647479566  
-0.5075985903  
0.8283809903  
-1.625610817  
0.2451172172  
-1.892067678  
0.2393462957  
-0.7563106001  
0.3779767867  
0.9060728864  
1.84791822  
-0.5060243637  
0.5433761764  
-1.349735923  
0.2905911425  
-0.799112306  
1.843455042  
-1.094882684  
1.339262625  
-1.509253873  
-0.03796156422  
-0.2495074063  
-0.956239738  
-0.3231806211  
-0.6946856574  
1.218039432  
-0.06292845288  
1.345416177  
-1.362536917  
0.6941727122  
-1.325086584  
0.9673642556  
-0.7105849228  
-0.5958547052  
0.5479409524  
-0.7299864899  
0.6048000496  
-0.9035131758  
0.09011512834  
-1.596065003  
0.6481851957  
-0.5647770344  
-0.07513300421  
0.252750052  
-0.8265955193  
0.6790523846  
-1.469311723  
1.372614705  
-1.45921215  
0.688776816  
-1.550478258  
2.637668495  
-0.2057557434  
0.6407611046  
0.6861450966  
0.6917914969  
-0.1181102034  
0.6052489631  
-1.248706889  
0.423582367  
