-0.3058031242  
-0.6116333357  
1.879098174  
0.5804854957  
1.643071443  
0.2729409939  
0.4511953388  
-1.458777275  
-0.6221137834  
-1.653786243  
1.579138894  
0.4268925897  
1.189008479  
0.4283777425  
0.1433924293  
-0.9340339822  
-0.3119452552  
-0.982350445  
-0.926108566  
-0.9011246916  
-1.328693668  
-0.4448615761  
-0.8005777634  
-0.2460619754  
-1.136329229  
0.4108423113  
-0.2817474287  
1.105173604  
1.48282998  
0.2783511123  
0.5907976811  
0.1993873193  
0.2033394803  
-0.3064467582  
1.021941325  
0.5597276373  
-0.4899001468  
-0.5265747869  
-1.039634925  
-0.5889364019  
1.186249297  
0.3747317334  
-2.232115415  
-1.56043783  
-0.381358028  
-0.4809379624  
1.067028989  
-0.8300877774  
0.9224555368  
1.109498017  
1.162521818  
1.932673726  
1.187255222  
1.59393764  
0.05454588748  
-0.081523446  
1.3064264  
-0.4361049726  
-0.2048967413  
-1.388791162  
-0.37020075  
-1.213975757  
-1.161183148  
-1.624846245  
0.3707543802  
0.002657320571  
1.855933829  
1.011800557  
2.042523339  
0.2629457124  
0.8117160299  
0.09516666645  
-0.589488901  
-0.3376962327  
-0.3283821569  
0.5088690623  
-0.7540595172  
-0.6974491604  
-1.283182571  
-0.4189361944  
-1.43352843  
-1.391194207  
-1.607430619  
1.499856095  
0.9495747614  
1.028718832  
0.1366495969  
1.917809068  
-0.8777135733  
2.182453357  
0.3654573053  
-0.2741848733  
-1.898363563  
-0.3497389927  
-1.17644134  
0.3879956894  
0.6243978748  
0.1310714528  
0.6527840503  
1.564935145  
-1.015689099  
-0.9019492817  
0.5371999325  
1.306661031  
0.8074600498  
1.138173885  
0.301287965  
-0.442648593  
-0.4360046658  
-1.69396945  
-0.3992622541  
-2.067653695  
-0.8140783646  
-1.9863208  
-0.6545657034  
1.572159226  
1.992802403  
1.028277282  
1.499743931  
1.404879401  
0.5977647848  
-0.001203045417  
-1.013866124  
0.7570046368  
-0.1383713121  
0.8870997957  
0.1226053038  
0.6323036066  
-0.258799453  
-1.120789062  
-0.09566085362  
-1.385006809  
1.059769288  
1.167762575  
1.688210418  
-0.1575215325  
0.7193366241  
-0.2900303279  
-0.1561828731  
-0.7274705609  
-1.048852094  
-0.5762446859  
-0.09654960198  
2.265526321  
0.806931274  
1.94238533  
2.68164235  
1.833143066  
1.851872258  
-0.9260200797  
-0.1255743347  
-1.171574372  
-0.6186165373  
-1.876155171  
-0.8390489524  
-1.732334907  
-0.9831879377  
-1.409415926  
-1.037791945  
0.1654333578  
-1.086910239  
0.08839904356  
-1.414549117  
-0.9036227345  
-0.8437827044  
0.07703976002  
-0.9878945359  
0.01015631896  
-0.4090107559  
0.5651342632  
-0.4715340764  
-0.575492373  
-0.7577538375  
-0.3532621752  
0.05024731298  
-0.8110968805  
-0.2289261697  
-1.356436021  
-0.3938598804  
-1.033251859  
-0.02123980632  
-1.339106828  
-0.5294757216  
0.9462610311  
0.9786940859  
-0.9145764575  
0.200741295  
-0.2237504638  
-0.2911507214  
0.4330017527  
0.336083534  
0.1823328102  
2.145142851  
0.6317124927  
0.4052720646  
-0.7097004123  
-0.2084013902  
-0.5692091368  
0.2827027606  
2.292410893  
0.9780334203  
1.611085774  
-0.2254874504  
0.7397080909  
-0.4815007733  
-0.07545497137  
-0.6610352784  
0.1181905827  
-0.1856487628  
-0.7837704228  
-0.1488768052  
-1.547318379  
0.2610156543  
0.8849566297  
1.414121624  
0.4675849797  
0.8822289255  
0.4382487291  
0.05432800811  
0.141819062  
-0.8763890085  
0.05642839212  
-1.047693748  
0.3238105175  
-0.3976567496  
-0.2908526195  
-0.8306686947  
0.3120551645  
-1.036725702  
-0.170390374  
-1.074782018  
-0.04213023255  
-0.1627731704  
1.108787511  
0.1739204899  
0.8467724481  
