1.718799308  
0.2203189108  
0.5275555447  
-0.5405659352  
-0.1281777392  
0.1587643069  
-0.8214579854  
-0.9879800124  
0.672219462  
-0.1880131331  
0.5256284202  
-0.3199982457  
0.6290016921  
0.2013204087  
1.069523919  
0.2743684245  
-0.2907436088  
-0.357291806  
-0.5669626972  
-0.814729567  
-1.056284295  
-0.2212043517  
-0.7174344654  
-1.200935082  
-1.361624145  
0.08595282925  
0.6678290796  
-0.6977814015  
-0.1622049811  
-0.511735666  
-0.1819813835  
-0.6677109701  
-0.8395819522  
-0.9253324865  
1.733288774  
2.740147633  
0.9179266262  
0.5158535774  
0.1795101143  
1.196968892  
0.5290211077  
0.1864470598  
0.2442133554  
-0.2627211584  
0.4907189651  
0.04914375179  
-0.6668676057  
-0.6684331144  
-0.05711805543  
-0.002788603255  
0.8790225493  
0.3429579848  
0.4293956791  
-0.2070624767  
-1.040871157  
0.6515639966  
2.615456585  
0.5139914713  
0.6116041083  
-0.3013281068  
0.4685755143  
-0.1323956886  
-0.6587987231  
-0.7749183253  
-0.4717090039  
-2.197305705  
-1.791089502  
-1.505374761  
-0.1631290073  
-1.047950848  
-0.4770390464  
-0.833579635  
0.09963124186  
0.250147463  
0.6593323629  
1.362819409  
-0.446363535  
-0.2530574978  
-0.8074322245  
-0.6856875393  
-0.4964613529  
0.5560293052  
-0.3892511877  
-0.6046342068  
-0.8790545989  
-0.8205516269  
0.5820271979  
1.297872969  
0.3061159983  
0.7728317868  
-1.371629426  
-0.4192948  
0.05404004822  
2.085771444  
2.056782746  
1.098291549  
0.1865778492  
0.4302854773  
0.8197675047  
1.127941064  
-0.09807780903  
0.962524666  
1.472416694  
0.6395219382  
0.7030328708  
-0.2167798108  
-0.7594865055  
-0.9786071699  
-0.9699466608  
-0.09925679058  
0.007354122445  
-1.497481209  
-0.8626977552  
-0.2738507005  
0.6182978893  
-0.6534592018  
-0.7877056028  
-0.5095185457  
0.5479095229  
0.6088632975  
-0.1176722859  
0.2651237391  
0.6349901697  
1.251242755  
0.02304476492  
-2.319764663  
0.05374367968  
-0.5484324097  
-0.7137315568  
-0.8392286627  
-0.3075040097  
-2.511497152  
0.1722364134  
0.5776913117  
0.02292664441  
-1.331706065  
0.7094193129  
0.7429458341  
1.798057317  
2.146805844  
2.284775864  
2.948931393  
3.219255275  
2.347058837  
0.5274095212  
0.4561288841  
-0.074905816  
-1.16117074  
-0.4183392484  
-0.1229979673  
1.187710008  
-0.3975197157  
-0.3324920544  
-1.816643246  
-1.691830059  
-2.000684745  
-0.3786766925  
0.003776495341  
-0.1784679419  
0.3422320393  
-0.6867217412  
-1.080708424  
-1.498562342  
0.3011016616  
-0.5020966737  
-0.4917981938  
-1.846834669  
-1.533691032  
-1.183986377  
0.02349919423  
-1.740530268  
-0.9106647257  
-0.09033957967  
-0.5505709393  
-0.2801255486  
0.1436457437  
1.274346907  
1.063485832  
1.65397343  
-0.4009405733  
-0.1098734948  
-0.3040258563  
2.317752679  
2.276708967  
0.4081385782  
1.267778617  
2.297273726  
1.580737772  
0.5058369881  
-1.401579655  
-0.7831885886  
-1.14530666  
0.646016753  
-0.03244500689  
-0.5866687077  
-0.8885766808  
0.3963796368  
-0.6742860138  
0.3380430818  
0.5333440005  
-0.8695170071  
0.2544527635  
-0.1322161569  
0.2971296656  
-1.026482797  
-0.5985370763  
0.3379472539  
1.57106017  
0.3721216636  
-0.07609695222  
0.2956961493  
-1.095238833  
-0.7966431558  
-1.881605826  
-1.301534243  
-1.326794823  
-0.1549501124  
-0.596149841  
0.2543426969  
1.117676843  
0.2468274732  
0.4030943953  
1.727127221  
1.588194039  
0.03861820665  
0.36964777  
-0.1792070304  
0.367791177  
-0.3970490405  
0.7187913224  
-1.118927367  
-0.8286787393  
-0.4791611552  
0.2088122459  
-0.4328657911  
0.7127637268  
