0.976411233  
-1.887419313  
1.757178252  
-1.35223524  
1.444278843  
-1.0107897  
0.7291783407  
-1.108197392  
1.023918304  
-1.343564383  
1.600822355  
-1.018309401  
0.2604690555  
0.1578380797  
-0.0003471217521  
0.9936399624  
1.770709814  
-0.4639530702  
-1.689757381  
0.7054667152  
-1.774677353  
1.170089939  
-1.915086282  
0.4801806597  
-1.094158434  
1.115218157  
-1.164217335  
0.2092985053  
-0.04726372645  
0.2444219651  
-0.8921793988  
-0.0394994611  
-1.588750218  
1.811858579  
1.698208971  
0.6890675836  
1.72015777  
1.36892509  
1.13369215  
-0.2097886051  
1.42525614  
0.6580670481  
0.9065491034  
-1.104949769  
1.446399001  
-0.08705494482  
1.624192043  
0.01130648489  
0.5096851784  
-1.826264135  
-0.4545967429  
-0.5852003925  
-0.5156459092  
0.3570083326  
-0.8304797687  
-0.03763099383  
-0.05638408737  
-1.29519615  
0.3972494556  
-1.776026747  
0.2407717108  
-1.356406594  
-0.1719286482  
-1.69049843  
0.3023104678  
-2.024390583  
0.1052324589  
-1.461150072  
-0.2996703773  
-1.955891697  
0.4015562276  
-1.525017229  
1.280190528  
-0.2343473882  
0.2861520202  
-0.5572571114  
-0.528895092  
-0.4025248867  
-0.7512853282  
0.08121049261  
-0.2232008708  
0.3178234544  
-0.03654783713  
0.6335543936  
-0.3707518641  
-0.493207392  
-0.2423092809  
1.195899372  
-1.275585641  
0.4095171482  
-1.528454468  
0.5532629415  
-0.8831613364  
0.1669566804  
-0.400590139  
0.2636713862  
-1.024090493  
0.1283621527  
-0.5021606328  
0.8713949588  
-0.3787897671  
0.0421823323  
0.5175998146  
-0.4507091321  
0.2866000693  
-0.7992297271  
1.736170858  
-1.374586958  
1.067242954  
-1.02019783  
0.3669725153  
-0.9329129797  
0.5260426519  
-0.2758762357  
-0.04454396545  
-0.004189427576  
-0.1103958429  
0.9976559692  
-0.4305872828  
0.6914066774  
-0.7385352755  
1.600762158  
-1.212253395  
1.520020043  
1.319671707  
0.06928776657  
0.06955747671  
0.7734293976  
-0.2242363612  
-1.163921927  
0.6416558733  
-0.6553407826  
1.183041511  
-0.7210871067  
0.9744281602  
-0.9306377248  
1.520615625  
0.603034114  
0.2574685649  
0.4139672652  
-1.223392095  
0.7341393544  
-1.355954177  
1.298568417  
-0.5323583338  
1.055746106  
0.5098935877  
0.2701605091  
0.4367487551  
-0.6223588385  
0.5746878384  
-0.5464577814  
0.4696045854  
-1.098269922  
0.4849896787  
-0.5725447873  
0.2258530329  
1.061983649  
-1.480788892  
0.9936283704  
-1.395906314  
0.870994364  
-1.371709542  
0.4675847987  
-1.406683261  
1.084306146  
-1.062413003  
0.4313186226  
0.1144183913  
0.2015657858  
0.2297518392  
-0.905397219  
0.7607196866  
-1.288648497  
0.5546914697  
-1.034852571  
0.835280503  
-0.843864509  
0.8167922462  
-1.158324972  
0.5019224021  
-0.1514114454  
-0.1805800919  
0.6889981296  
-0.718918673  
-0.5463085772  
2.270748713  
-0.4339365841  
1.178729871  
-0.5660188267  
1.113239143  
-0.7975098633  
0.8971044431  
-0.3518882056  
1.536773936  
0.499002013  
-1.152834413  
1.614545402  
-0.4651319456  
1.756276215  
-1.322039552  
1.210482129  
-1.219815687  
1.67837985  
0.3537509516  
1.003958323  
0.6429007124  
-1.331365385  
0.5764883804  
-1.515752258  
1.211370685  
-1.611594167  
1.084436081  
-1.221648575  
1.084313895  
0.1059767911  
-0.9719320783  
0.7927086533  
-0.7134957535  
0.6591840063  
-1.328582531  
1.357395776  
-1.719522653  
0.9018810915  
-0.5505236263  
0.6415330207  
-0.2014654364  
1.4735136  
-1.560226331  
0.662387329  
-1.038221743  
0.9691620753  
-1.214801562  
1.286966658  
-1.007142272  
1.318590493  
