-0.5038562788  
-0.1575042739  
-0.02765958613  
0.4648540676  
0.3469499902  
0.3650885347  
-0.9527929997  
-0.7791855356  
-0.9367971936  
-0.299388808  
-0.849407478  
0.01022933417  
-1.015115428  
0.185401146  
0.2966193809  
-0.04484776978  
0.8104941567  
1.281440162  
0.06567964151  
0.914542881  
2.238659548  
0.3848332622  
-1.322217679  
-0.9822284905  
-0.0853212245  
0.8792097033  
-0.1817132844  
-0.2746923714  
-1.66956927  
-0.4033147966  
0.03677979978  
-0.5357520364  
0.09926011751  
1.231108622  
0.8780308027  
1.834208325  
0.9893589247  
-0.6319043918  
0.1623185204  
-1.423000241  
-0.3886878412  
-0.0405594599  
0.7343591352  
0.9088086418  
-0.1497570285  
-1.070551091  
-1.219929114  
-0.5757649495  
0.6405660669  
0.5459422506  
-0.1543595961  
0.8895692133  
1.339701321  
0.209142564  
1.364927582  
2.036646606  
0.0430500135  
0.05794165021  
-0.6330971365  
0.725502584  
1.365138953  
1.591759466  
1.239810682  
-0.07871324507  
-2.16293092  
-1.931742528  
-2.043836332  
-1.697146921  
-2.250490408  
-0.8975007337  
-1.117215655  
-0.3975754685  
0.1125637501  
0.7693796483  
0.2883487053  
-0.9089546556  
-1.212971523  
-1.328232147  
0.1526190273  
-0.1106460204  
-0.8511716522  
-0.7225434063  
0.3897711123  
-0.3277551835  
-0.2681875016  
-0.8555308205  
-0.09911751486  
0.8734942525  
1.728476929  
0.5046128911  
0.3718119928  
-0.3442035076  
1.86917202  
1.533233631  
2.055293494  
1.470336621  
1.742388407  
0.8297321037  
0.6103416594  
1.295362119  
0.6135807127  
-0.3844349254  
-0.4211716142  
-0.432355812  
-0.2377968644  
-0.8695828297  
-1.120375796  
-0.6837735629  
-1.32304381  
-1.218083074  
-2.058006111  
-1.441306863  
-0.7519345826  
1.510299148  
0.8967167393  
0.896753986  
-0.8247573516  
0.06275390562  
-0.5223843497  
-0.3901869108  
-0.5266578952  
-0.7517033196  
0.4086719672  
0.7863001442  
1.340385891  
0.926954627  
1.67148156  
1.188877828  
0.07967297696  
0.317034184  
-0.4005923207  
1.499544785  
0.2495695408  
-0.5590346994  
-1.705952483  
-0.4955039429  
0.1935278131  
0.2872770418  
-0.1647954571  
0.5410519196  
0.7270137031  
0.8394801934  
0.9148296444  
0.9613270871  
1.338870142  
1.30452165  
-0.0702824386  
0.5274703144  
0.6829225613  
0.2630380197  
-1.111677765  
-1.518206361  
-2.191036455  
-1.593456382  
-1.674111361  
-0.6282043372  
-1.371792914  
-0.1613468019  
1.18145306  
-0.1306769206  
-1.323987019  
-1.99790921  
-0.9861946177  
-1.02530774  
-0.351781579  
-0.8544228381  
-0.8820794223  
-0.1867978144  
-0.1214687602  
-1.233414883  
-0.9987792026  
-0.6535589765  
-0.1447746506  
0.2846128032  
-0.3931616239  
-0.3577436757  
0.7403221216  
1.472892519  
-0.8350738811  
-0.8916704586  
-0.8511462845  
1.467799882  
0.5501125211  
-0.1808127401  
-0.2667379265  
0.6393773895  
1.400661448  
0.8057189746  
0.2294422961  
0.3092866395  
0.7407748268  
1.84328908  
0.5794825978  
1.080984239  
1.28133631  
2.59483884  
1.789112372  
1.774287467  
1.302651092  
1.101948392  
1.198450294  
0.3646335468  
0.4752196601  
-0.7174804447  
-1.654212824  
-1.280487065  
-0.5652397929  
-0.3520068577  
-0.8408269485  
-1.026842724  
-1.299331733  
-0.928641563  
-1.069062116  
-0.6575330935  
-0.7489318843  
-0.3077864371  
-1.693021923  
-1.527251722  
-0.2031909573  
-0.6845419569  
0.3458415784  
1.180758297  
1.631714846  
0.1632384486  
0.06767058423  
-0.01429507698  
1.107183311  
0.200715299  
0.7834470295  
-0.7079495897  
-0.6785992478  
-0.2224780916  
0.1956503973  
-0.5880764033  
0.2073135698  
1.067257735  
