0.7795732264  
0.5661092216  
0.03408072411  
-0.1936560779  
-0.4526553154  
1.375578547  
1.481086563  
0.6226172832  
-0.05192667099  
-0.8655511573  
-0.5901640471  
0.3573701347  
-0.4573208323  
-1.374419595  
-0.3499601846  
-0.1889197326  
-0.02293021595  
0.1162362113  
-0.5829832834  
-1.42575368  
-0.1742106421  
0.2787044832  
-0.221161071  
-1.706021336  
-0.972654919  
1.001027717  
0.36422289  
-0.1232853023  
0.3146920667  
0.7235566732  
-0.1560056415  
-0.05079539056  
0.8439603386  
0.8726482529  
0.2634519644  
-0.217937459  
-0.7757648747  
0.3543211523  
1.081172424  
0.3491680143  
-0.3796016619  
0.3851991868  
0.7756057704  
1.34630015  
-0.5524108757  
-0.2863603827  
0.2893041864  
1.159168599  
2.459254212  
1.915414075  
1.102637731  
0.4587882824  
0.7443092399  
-0.1890874064  
-0.6353820285  
-0.5531801393  
0.2514068707  
-0.09688925226  
-1.746541501  
-1.108354634  
-1.427933198  
-1.07602046  
-1.250334874  
0.01190803321  
1.177756499  
1.86718051  
0.8875063017  
1.371869684  
-0.5336788612  
-1.396906558  
-0.9579509343  
-0.8011247279  
-1.860762305  
-1.710666355  
-0.3752883569  
-0.04243897769  
0.9345301025  
1.248312451  
1.051179476  
0.9271272946  
-0.7260202576  
-1.214883401  
0.06666814255  
-1.081798967  
-0.5227673195  
-1.094741899  
-0.2719759702  
1.046777922  
0.6581326134  
-1.156306052  
-0.8817089162  
-0.7731755495  
0.8470173858  
0.6143143381  
0.08888417129  
-0.7493712924  
-0.1244464226  
-0.07578186262  
1.789426552  
0.7458719248  
0.6285950871  
-1.132840669  
-1.186639742  
-1.116907883  
-0.2016552957  
0.9848540616  
1.61166507  
1.707289317  
1.245805167  
1.780820878  
0.6621148678  
0.2904066314  
-0.4057705515  
0.7266021208  
1.154995877  
1.489015729  
1.38954162  
1.743385573  
1.382802184  
0.5258258001  
1.14564631  
0.853311819  
1.434216842  
0.1219732392  
-0.2602287611  
0.1200316039  
0.8447291306  
-1.846874217  
-1.850053609  
-0.6183436329  
-0.8334300976  
0.1291176348  
-0.4871444458  
-0.9076632102  
-0.502306713  
-0.1450567152  
-0.5347862285  
-1.481657319  
-1.041377721  
-1.333718575  
-0.8446514965  
-0.8599160583  
0.04928947344  
-1.03614738  
-0.7148996643  
-0.2240202033  
0.8390069579  
0.6980660958  
-0.008414347075  
-0.07353318657  
-2.07651079  
-0.5714937741  
-0.5796935879  
0.6230048284  
0.2256952877  
-0.6798388565  
-1.63426981  
-1.311549855  
0.6572871517  
0.7351763383  
0.9840215263  
0.6522104134  
1.435790398  
1.561388044  
1.730972384  
1.877353412  
2.433242824  
0.6056897475  
-1.414338113  
-1.437673909  
-0.9231491104  
-0.58590304  
-0.4770570373  
-1.346279812  
-1.274748483  
-0.4644465682  
-0.1608976702  
0.3132284966  
-0.2039627607  
0.4888356585  
-0.4898700806  
-1.444540835  
-0.5115547901  
0.5503784108  
-0.4660796699  
-1.476350193  
-0.3931578858  
-0.8513468668  
-0.8746164519  
0.7378059706  
1.002288191  
1.70812781  
1.594501803  
1.081670762  
-0.5026761643  
-1.17730537  
-0.3333085721  
-1.091474248  
-1.017886226  
-1.08413456  
0.2128959308  
-0.08508085626  
0.7924322094  
-0.7262506273  
-1.327419116  
-1.22144986  
-0.551722798  
-1.295684446  
-1.256254623  
0.252132667  
0.5207902788  
0.5053645268  
-0.8479076871  
0.149721254  
0.5126486331  
1.193291451  
1.246913616  
0.6905547063  
0.4779630782  
0.01770120859  
-0.0299279076  
0.5679145217  
1.491059188  
0.5371225183  
0.09509682331  
0.3795316249  
0.3226652438  
0.1041728801  
1.060168371  
0.6692066523  
1.308973776  
0.6567599354  
0.4418883507  
-0.09445159875  
-2.563690053  
-3.654216372  
