-0.5384931523  
-0.09734905839  
-0.6923636069  
-0.3375377085  
0.544415371  
-0.8368826338  
0.08493890426  
1.788068069  
1.86260862  
-0.4360924106  
-0.2263278361  
-0.990643972  
-0.2239698069  
-0.5896858764  
0.1507392448  
0.009959088507  
-0.1436598174  
-0.8333554043  
1.867292675  
1.463616705  
-0.2084273476  
-0.3139154013  
-0.5870442145  
0.7329262773  
-0.4582656516  
-0.5551115714  
-0.1841225607  
-0.6590270581  
0.6904765574  
-1.049251099  
-0.3674077724  
-0.7265477177  
-0.4010450832  
-0.4088559821  
0.3069886884  
-1.000011802  
3.54637403  
2.786821798  
0.2190728828  
-0.358232972  
-0.9716145354  
-0.3561616059  
-1.694626381  
1.175790582  
2.516336477  
0.2672714151  
-0.8880136491  
-0.8879567352  
-1.371771792  
-0.6159723369  
-0.9038768699  
1.340896829  
-0.7122785177  
0.6747001367  
-0.3547703033  
-0.598439028  
1.667133345  
-0.6428558564  
1.19581846  
-0.2694888261  
2.15503958  
0.8132816394  
-0.1448667573  
-0.3960764382  
-0.9460177649  
-0.9938991927  
-0.7128254006  
-0.6009024391  
0.3261680617  
-0.2140798454  
-0.4642312361  
-0.5152821347  
-0.3996602498  
0.2217176157  
-0.3394905307  
1.365919432  
0.4038369841  
2.449056141  
0.03951913391  
-0.0942687559  
-0.7285469431  
0.04919624628  
-1.020607555  
-0.9026041754  
-0.8594550506  
0.2872001607  
-0.5420303448  
-1.052053465  
0.7744811783  
1.760613784  
0.2079999489  
-0.4722209756  
-0.8157655468  
-0.3267745345  
0.711293303  
0.5044920988  
-1.128453113  
-0.5184465376  
-0.7159182971  
1.099633203  
0.609908554  
2.555411459  
-0.4146203978  
-0.5978305679  
-1.274246014  
-0.02477321101  
-0.3571757416  
0.03351184839  
0.1040165779  
-0.3819815095  
2.349904835  
0.1216083627  
-0.001697880432  
-0.8829131686  
-0.5839625046  
-0.8194521353  
0.7649632062  
-0.6828527386  
-0.3877867894  
-0.9661324902  
0.9271679184  
0.2593236658  
-0.5368544652  
-0.5547887517  
0.08398350361  
0.5459493794  
-0.2697997646  
-0.1537942512  
3.355979521  
-0.3454066541  
0.3399367591  
-0.7248913107  
-0.835219104  
-0.1785356086  
2.469243515  
-0.3710712152  
-0.6923627832  
-0.294465869  
0.8619814178  
1.312872286  
0.2344292445  
-0.3106282825  
-0.6290692636  
-0.7621482463  
-0.6056011802  
-0.9078970968  
1.926080032  
-0.5950386725  
1.522680097  
-0.7743165507  
2.084808357  
-0.1562611357  
1.62105517  
-0.6554253733  
0.5341348971  
-0.8650832996  
0.1486296606  
-1.296384596  
-0.8762649132  
-0.5467230257  
1.201160527  
-0.8402075852  
-0.5829766966  
-0.8949244235  
-0.5179313748  
0.4705202944  
-0.1344947298  
0.1363054783  
-0.5082048659  
3.018608423  
0.1461266765  
-0.1496581038  
-0.0922788973  
-0.2952731929  
-0.4334370123  
-0.62722969  
-0.6192452041  
-0.7546869473  
-0.4309018241  
-0.5328888378  
-0.3892897314  
-0.8831013233  
0.09529439682  
-0.7197824518  
0.3386980005  
-0.7394083666  
0.3540177539  
-0.4451578203  
3.666412688  
-0.5898693735  
-0.9013706772  
-1.453920826  
-0.5483464247  
-0.4633959474  
1.740313298  
-0.6827219744  
2.343173536  
0.6678105065  
-0.7868413574  
-1.057883089  
-0.542209972  
-0.1830626757  
-0.7877195592  
0.1840811084  
0.1893681418  
0.6421607532  
-0.6492555969  
0.5296444214  
1.056033054  
1.203921586  
0.780119877  
0.3611723596  
-0.4264240728  
-0.9137795282  
-1.109074853  
-1.202331731  
-0.8329533266  
-1.134475315  
-0.5890936423  
-0.205433211  
0.6199773952  
-0.1995310063  
-0.9161122573  
1.933156788  
2.213758779  
1.36192974  
-0.6615405692  
1.23598653  
-0.3361942196  
0.7114576424  
0.3718749953  
-0.599325508  
-0.8993183913  
-0.5028366633  
-0.6133484839  
-0.3135225559  
