1.743144592  
1.205320299  
1.12066621  
0.2954102452  
-0.8936807574  
-0.590917737  
-1.002943524  
-0.2521656415  
-0.2648337599  
0.2975736134  
0.4704379863  
-0.06865708588  
-1.296379092  
0.0536660276  
0.5520567048  
0.6050791305  
-0.4971071875  
-0.498014373  
-0.1595643878  
-0.1112604928  
-0.1488327496  
-0.9437374759  
-1.773964635  
-1.76199426  
-0.9026434169  
0.6872639468  
0.7780508525  
-0.1267193543  
-0.8620572952  
-0.2615152634  
1.078567921  
1.202329869  
0.3066072016  
0.1158420981  
0.3792171626  
0.9230184863  
1.162652329  
-0.06236463668  
-0.2383251569  
0.3176066628  
0.4470730323  
0.3377406979  
-0.272954615  
-0.6126453254  
-0.1877178256  
-0.779086144  
-0.9400598014  
-0.4083531776  
-0.5250067232  
-0.7050951926  
-0.8260498428  
-1.174675412  
-0.3272933749  
-0.8766315343  
-0.3584255379  
0.7875855365  
-1.417112633  
-0.7820812913  
-0.6198384194  
0.6157305326  
0.6038630747  
0.7845439981  
0.5044987395  
0.4909834329  
0.2314129517  
0.7551056708  
-0.2169156876  
-0.006269247072  
0.5041821055  
0.7097143928  
0.5260451818  
1.320991784  
0.5245287781  
-1.18631404  
-1.361340708  
-2.599849895  
-1.482524193  
-2.195890849  
-1.849088446  
-1.997952264  
0.2855767167  
0.6770292232  
0.5399502482  
-0.09928824531  
0.888405573  
1.106699808  
2.368663241  
2.944328649  
2.02891467  
-0.7577214336  
0.2285681944  
0.3165964659  
0.6381216344  
-0.3746825796  
-0.09883699969  
0.5090823548  
1.632313377  
-0.004059987824  
-1.371082222  
-0.3348295841  
-0.6379793084  
0.06228045232  
1.596273191  
1.660385258  
1.643435054  
0.995614038  
0.4380370589  
-0.3986450589  
-0.5803370978  
0.8111715614  
-0.953879939  
-1.260034803  
-1.013305723  
-0.06070397788  
-0.9458118774  
-1.196549487  
-1.769942956  
-0.404615376  
-0.8040110585  
-1.446290816  
-0.3579894034  
0.4015922709  
0.1813082446  
0.02320442732  
-0.6345444227  
-0.6593328927  
-0.8535356374  
-0.5169214113  
-0.7632391643  
-0.2634765977  
-1.098715404  
0.399611841  
-0.001529886598  
-0.349383046  
-1.647841607  
0.4855802121  
0.5750390417  
0.9810552224  
1.079235382  
2.470060888  
2.941152939  
2.697946919  
2.830411008  
1.583103254  
0.5352573432  
-0.6013269419  
-1.474201778  
0.04348938671  
0.5969527422  
1.07209625  
-0.5436871045  
-0.976006308  
-1.254942985  
-0.7045654166  
-1.840140948  
-0.645124422  
-0.9048092012  
-0.141648549  
-0.6668843448  
-1.63150073  
-0.769773793  
-0.6633606655  
0.1937706455  
-0.9532729691  
-0.9241585652  
-0.9503225812  
-0.47375151  
-0.008265332129  
2.03302229  
0.5388964843  
-0.1263644707  
0.1044383846  
0.863163643  
0.9258577202  
-0.1117537267  
-0.4858245974  
0.1761663556  
1.142790601  
-0.6468558967  
-0.2739075582  
-0.7934839027  
1.127082733  
0.6539771378  
0.1419605212  
0.3922194411  
1.939282776  
0.8770514322  
-0.8658567365  
-0.702210106  
0.2773176259  
0.2545038968  
1.353662405  
-0.3304189793  
-0.1187423463  
0.03964725845  
1.705830713  
2.279115957  
2.331458684  
2.340811673  
1.07736058  
0.7460799417  
-0.117201896  
0.1173136705  
-1.327848201  
-1.158073551  
-1.179823926  
-0.5172365842  
-1.202490118  
-0.6584757919  
-0.1326845632  
-1.07059381  
-0.9646349536  
0.2510947167  
0.7858080038  
0.2830270252  
0.8937850238  
-0.4636237454  
-0.8756307929  
-0.3518322119  
-0.4283804732  
-0.535672576  
-0.2917765057  
0.553695444  
-0.9366280905  
-0.5750367524  
-0.2863781977  
1.101115584  
0.02687365474  
0.5475823543  
-1.073980382  
-0.09420909539  
0.1555311063  
0.9637244446  
0.2492961255  
0.1475565484  
0.6124151621  
