1.171165982  
-0.6640353224  
0.5910411314  
-0.9454028487  
-0.5251957166  
-0.9124819168  
2.26595498  
0.8235572397  
0.6605123558  
-0.4163525263  
0.03561451401  
-1.308991748  
-0.6300348731  
-0.8645437894  
-0.9285352758  
1.141002085  
-1.599105744  
2.057119092  
1.132655662  
0.1932825536  
0.2728023575  
0.4851774498  
0.1713026042  
0.7574893642  
-1.394306057  
-1.907034972  
-0.934718046  
0.05092754716  
-0.6776900288  
-0.6054456091  
-1.079119316  
-0.4124336973  
-1.153755246  
-0.8282970546  
-0.2019888921  
1.850852444  
2.71993389  
0.8309164736  
1.120818285  
0.4882517071  
0.4510850425  
-0.6451519112  
0.2355711351  
1.533896851  
2.138804006  
-0.1964114333  
-0.5767175388  
-1.809348071  
0.3906740524  
-0.06478537479  
0.4402166209  
-1.059542601  
-0.2878175252  
-0.7703992015  
-1.349051571  
-0.2238280952  
-0.01784672806  
-0.1554353944  
1.029427936  
0.5574902019  
2.140663421  
0.3748072212  
0.4979004129  
0.04707931865  
0.2463046933  
-0.8959985692  
-0.2865487563  
-0.4567565352  
-0.2944335117  
-1.847482924  
-0.9619466561  
-1.586099342  
0.04563342112  
-1.942492607  
-0.3825185087  
0.5918904243  
1.357591039  
0.601930344  
0.3702340285  
0.3598200872  
0.1970773198  
-0.6186050003  
-0.780478034  
-0.2398099471  
-0.4128300244  
-1.250727667  
-1.187781098  
0.09420859033  
0.6702662275  
1.450303406  
-0.808212668  
-0.3470973749  
0.5948770332  
2.088520953  
0.9538315871  
-0.5639743518  
-0.4722809402  
-0.3586195506  
0.1303903059  
0.9713522039  
1.526606907  
0.1993418971  
-0.7469048455  
-1.199813501  
0.3591263731  
-0.3969402571  
-0.4769049191  
0.7139021897  
0.7368219635  
0.6511496206  
0.8107550046  
-0.1675291844  
-1.11426781  
-0.4990893334  
1.047405063  
0.7177901378  
-0.9167223663  
-1.151793346  
-0.9260483096  
0.9140825817  
-0.09420687667  
-0.524533462  
-2.260392599  
-0.6054132467  
1.628420787  
-0.1343293338  
-0.7426421505  
1.361296932  
0.3675681103  
0.5563007578  
0.9533836927  
-2.01511937  
0.3980138709  
1.143822746  
-0.08947569422  
-1.8221626  
-0.4904565191  
1.842745979  
1.188784885  
0.9478927056  
0.1517848447  
1.293966733  
0.1053731531  
-0.09415296988  
-0.8988325145  
1.000373998  
0.03376247689  
0.2318506202  
-0.6865508568  
0.1306493883  
0.6207373116  
-0.1929667829  
-0.2398412368  
-0.8182567805  
-0.609713631  
-0.5757552365  
-0.9863754141  
-0.9248784868  
-0.05311030121  
1.482823997  
-0.1124117493  
-0.7381259607  
-1.605288839  
-0.2566760257  
0.3836228796  
0.6608009059  
-0.04009514371  
0.5836178473  
1.918420195  
0.2663105239  
-0.6844838267  
-1.08035844  
0.2159806228  
0.647435992  
0.5000767089  
-0.2024798469  
-0.1171391637  
-0.1796424901  
0.5187081211  
-0.9244065583  
-0.3959410273  
-0.3501844355  
0.4225478237  
0.2529517328  
-0.7586850583  
-0.8699419505  
1.720115266  
2.349959631  
0.3581763505  
-1.533720328  
-1.98578306  
-0.7039860481  
0.4725377168  
-0.2044331805  
-0.7527298507  
1.678451954  
1.13383809  
0.8988376222  
0.04443800528  
0.5821161398  
-0.5881170712  
-0.5554478541  
-1.164344789  
-0.5442144401  
1.223016943  
-1.441334404  
-0.04254021871  
1.528824844  
1.542106855  
0.6598101527  
1.008964756  
-0.1628222673  
-0.4941656432  
-1.336514408  
-1.455376006  
-1.197866097  
-1.492962201  
-1.208502566  
-0.4217847863  
1.274512771  
0.9110022608  
-0.913145688  
2.050998741  
2.318111917  
1.240963502  
0.1818000226  
0.7249564353  
0.8110777031  
0.2827247461  
2.095373714  
-0.3776267167  
-1.942835795  
-1.400605609  
-0.4594747512  
-0.9452301145  
-1.024847283  
