0.5232222043  
0.7656537302  
0.04956632861  
-0.8246668853  
-0.4321068423  
0.676546125  
0.7097602656  
-0.3000719513  
-1.040804693  
-0.7807138883  
0.02391318626  
0.4185742072  
-0.1475613171  
0.5868275912  
1.352001114  
0.9494933695  
1.085518097  
0.09851545151  
-0.8825933069  
-1.115301591  
-0.4259512121  
-1.042670396  
-0.9923599442  
-0.9783525338  
0.4855066171  
1.322786606  
-0.206284967  
-0.3939137061  
-0.3197274862  
-0.1844197989  
0.1092701241  
-0.3628993397  
-0.1425986197  
1.029610384  
0.5736949238  
0.2154276589  
-0.09732048848  
-0.3114542652  
-0.3486533688  
-0.6628473309  
0.02500075355  
0.7655781521  
0.2774625134  
-0.2465274115  
-0.3346526166  
-0.266614335  
-0.2331725135  
-0.3690792979  
-0.4858002503  
-0.9548631288  
-0.5263227792  
-0.5819154545  
0.2526309323  
0.473927245  
1.067613698  
1.019633546  
-0.3794210851  
-0.8271560007  
-0.2175911152  
0.1064633076  
0.3569825404  
0.324063347  
0.573265614  
0.5918189751  
-0.04477641003  
-0.3686262898  
0.2812245701  
0.7199135626  
-1.049325231  
-1.450306534  
-0.7335001166  
0.4439973108  
1.287657781  
0.7347478306  
1.329535697  
1.699919527  
2.293073736  
0.8157831925  
-0.9212640289  
-1.76421362  
-2.2277557  
-1.684625342  
-1.464422358  
-0.2418783252  
0.2969740557  
0.2055395725  
-0.2295684815  
1.182188541  
1.333077035  
-0.06626388774  
0.008939149701  
0.226536481  
1.541246364  
0.9948935368  
-0.2082817227  
-0.1790029535  
0.8153304031  
-0.02069278711  
-0.643087014  
-0.4204631205  
-0.4428830157  
0.07685427993  
1.297897003  
2.129842934  
2.065018918  
0.2667963385  
-0.7700484057  
-1.227700027  
-1.031883688  
-0.6836002932  
-0.8004845867  
-0.6766821773  
-1.137206623  
0.1227981159  
0.8140789762  
-0.2917280031  
-1.437239859  
-0.4269037838  
1.466354341  
0.5365358731  
-0.8892713001  
-1.302263859  
-1.390200932  
-1.016949876  
-1.161470542  
-0.5771251726  
-1.197801916  
-0.5266862327  
0.6114160646  
0.7294896269  
0.6130668843  
1.776526424  
0.4782598838  
-0.5897735974  
-1.484765644  
-0.2754785364  
-0.2296425315  
-0.1173372395  
0.09864958071  
1.252637108  
2.070626819  
1.969680242  
1.451588161  
0.4854828504  
0.7661479308  
0.453934058  
0.0979361366  
-0.4243749386  
-0.4182767188  
-0.324325094  
-0.8866519466  
-0.9802223722  
-0.795944233  
-0.1512145932  
-0.4149957951  
-0.970334799  
-0.543549218  
-0.1258490907  
0.322983382  
1.711978461  
2.34549497  
2.237785193  
0.9114705088  
-0.4372650054  
-0.7600147933  
-0.7339212901  
0.2784532973  
1.020613896  
0.7559522193  
-1.394714071  
-1.237310354  
-0.3516896214  
0.7805033705  
0.05566679195  
-0.09939801541  
0.1543637711  
-0.09085613239  
-0.5430773056  
-0.2538435947  
1.354217014  
0.678618983  
0.1260106495  
-0.5363030259  
-0.05404201822  
0.3134106452  
0.7203808133  
0.7241558946  
-0.9157230797  
-1.917739457  
-1.070608985  
0.04114603192  
1.718896928  
0.7772054949  
-0.1045287842  
0.2178342784  
-1.449865711  
-2.01466264  
-0.7374820098  
-0.6058239223  
-0.7640923919  
-1.392455865  
-1.434840808  
-0.906434955  
0.6039778976  
1.806122417  
2.662610306  
2.344801945  
1.727060876  
2.698968037  
2.025147967  
0.1807113853  
-1.539760899  
-2.073961561  
-2.440405757  
-2.569694876  
-0.7708634023  
0.2510696495  
0.1894602455  
-1.458989297  
-1.675371077  
-0.6907379611  
-0.4325418954  
-0.9165309327  
-0.8517854267  
-1.122718673  
-0.1653028852  
0.5965562921  
0.6917207211  
0.5709302395  
0.3240027454  
-0.06213108851  
0.1103570294  
0.8611212178  
1.46776881  
1.649039711  
0.7717044623  
