2.63814093  
1.136568622  
1.532753248  
-0.8612411015  
0.3862912379  
-0.7773162333  
0.3730774214  
-1.66204399  
-0.2504240066  
0.6799017342  
1.977864932  
-0.3418454762  
0.4874114103  
-0.6154638037  
-0.1244544965  
-0.6373136317  
0.02798834028  
-0.8923207956  
-1.016932777  
-1.490094927  
-1.716772339  
0.150896949  
-0.8815735579  
-0.1603732526  
-1.483792124  
0.5192322689  
-0.6651459354  
-0.167569891  
0.5302746591  
-1.209369915  
-0.009503058267  
-0.8424744812  
-1.030031833  
-1.491184504  
0.7338330295  
-0.2158693419  
-0.811383373  
-0.6796522703  
-0.4661576706  
2.082752013  
-0.2236005678  
0.8439092388  
0.854586943  
0.3878946341  
2.8720191  
1.30983963  
0.1948261512  
0.3252924239  
0.1775553457  
0.2673640501  
-0.5569557699  
1.31774108  
-0.5856699001  
0.02322312132  
-1.152107102  
-0.7712714903  
1.288487376  
-1.590476086  
-0.1300474514  
-1.368821522  
-0.4254034517  
-0.7924279284  
0.9415354084  
2.085096967  
1.544865564  
0.2158163185  
0.8997612832  
-0.1270500203  
0.613679243  
-0.6713072653  
-0.1413152148  
-1.09009232  
-1.521138252  
-0.5183400795  
-0.7280284211  
0.4000527981  
-1.729089771  
-1.34069617  
-1.767884071  
-0.6582882759  
0.3750948484  
1.683586424  
0.5586083541  
1.13208666  
-0.7780652166  
-0.674191286  
-1.279398811  
0.5277436242  
1.433874039  
2.25031468  
0.6777435567  
1.132555358  
-1.875134281  
-0.2428803911  
1.403042203  
1.258308972  
0.1128723094  
1.257301685  
-0.03851646455  
0.1665774867  
-1.395841228  
1.870201323  
0.122113086  
0.4598240023  
-0.5380488583  
-0.1525485289  
-1.01449252  
-0.5339408398  
-0.8720889977  
-1.848213808  
-0.4628010228  
1.041888666  
0.09333617526  
-1.850068758  
1.511677748  
0.9859683484  
-0.1908578199  
-1.152336048  
1.059799532  
0.02911990543  
-0.02863604302  
-0.713867795  
-1.532087345  
-0.3853304497  
-0.6808688785  
-0.4686777762  
0.1497458628  
1.842232693  
0.5331193154  
-0.5559583957  
-0.4171498511  
-1.692461522  
0.6863112283  
-0.1267411447  
0.5680362204  
-1.629746421  
-1.032174078  
-1.384988772  
-1.001501833  
-1.710972991  
-1.478233028  
-0.1724763719  
0.5712406847  
0.8773374174  
0.7972461311  
0.4748231136  
1.782969532  
-0.8405897055  
1.297228958  
0.4720886703  
2.257980911  
0.8440645477  
1.714455941  
-0.03490285614  
0.6108827796  
0.1409369391  
0.8863116187  
-0.18067088  
-1.121087482  
-0.470149917  
1.379187174  
0.4467369448  
0.4648132807  
-0.2037009897  
-0.09280931479  
2.16846215  
-0.004380911035  
-1.515251689  
-1.283094997  
-0.5053807134  
-0.9425004719  
-1.578849901  
-1.818115629  
-0.818984981  
0.5518372683  
-0.3032988328  
0.7691798407  
0.4587404634  
1.784782426  
0.5574065754  
1.011800329  
0.4467413557  
1.793063965  
0.5987318569  
0.8988068775  
0.7403284832  
-0.4692716456  
-0.4784043183  
2.279329634  
-0.2091068776  
-0.2266212819  
-0.2151279802  
0.5552063826  
-1.188250321  
-0.3062071117  
-1.341340109  
-0.309546147  
2.091717456  
1.271840857  
0.84190846  
-0.1310871601  
0.2142941302  
-0.9270927821  
-0.2504726802  
-0.2484845093  
-0.3242518336  
-0.5900199003  
0.4937967327  
-0.6374204829  
-0.8048215908  
-0.5443684989  
0.2483046344  
1.30973003  
-0.06011647342  
-0.3318706787  
-0.6765959571  
-0.275607914  
-0.8188349042  
-0.3397377353  
0.2108456983  
-0.9919054997  
-0.04498817746  
-0.3675580091  
0.4117572984  
0.744801865  
0.7740930948  
-0.7669074207  
0.7390528213  
0.008562289581  
0.4982001791  
-0.166708508  
-0.07306460087  
-0.3661913691  
0.5279858344  
-0.6258753709  
0.3600091954  
