0.8956869628  
-1.280151653  
-0.5157203255  
-0.2408918512  
1.766317875  
-0.9814464439  
1.739588586  
-0.8813721394  
0.4744863238  
-0.7708875146  
-0.636172713  
0.03699208792  
1.195786137  
-0.1710857131  
-0.2246937181  
0.1619228596  
0.299301004  
-0.0912795606  
-0.7824170842  
0.6736486512  
-1.18097455  
1.070788822  
-0.6756190237  
1.186909988  
-0.6868607283  
1.511739419  
-0.8910110276  
-0.7536773272  
0.8229681617  
0.3521556656  
0.1182114965  
1.168600526  
-1.304505944  
-1.107138981  
1.673539639  
-0.07915839599  
-0.5849032556  
0.334608847  
0.1421131117  
-0.5684934512  
-1.186301186  
-0.4120855042  
-0.4803892253  
-1.11020095  
0.7158572002  
0.403285011  
0.6782560085  
1.005502803  
-0.6126281489  
0.9885070559  
0.4493064053  
-0.1549054847  
0.2408329694  
0.4016977178  
-0.7873424458  
-1.335328429  
-0.4035194555  
-0.833857682  
0.7077565309  
-0.9838401061  
-0.5817543274  
-0.9897834134  
0.4851450666  
-0.1355533467  
0.8009629871  
-1.685427226  
-0.2048971313  
0.3641173013  
1.125007236  
-0.9278441341  
0.6915928574  
-0.6434906174  
-0.1058830449  
-0.2761239038  
-0.6125440935  
0.8999246963  
0.08670152781  
0.5276976065  
-0.4777701709  
0.7759052434  
-0.2201005175  
-0.0967288952  
-1.131327686  
-0.4552410396  
0.4034725054  
1.881127527  
2.188305832  
1.123962258  
-1.336694613  
-0.412040373  
-1.780090133  
0.5770876481  
-1.060421378  
-0.08749117096  
-1.406420601  
-0.2477291613  
-1.653851597  
0.5349723754  
-1.531886082  
0.4830149657  
-0.6983328852  
0.7433801136  
-0.7014505196  
-0.2343104285  
1.47440775  
0.2961563877  
0.8716300582  
0.09248035987  
0.8905416194  
-0.7856938144  
0.9369838523  
-0.4672454943  
1.249292846  
-0.7488786158  
0.8105051994  
-1.095330458  
1.617541835  
-0.2456337569  
1.242315674  
0.3886352618  
-0.5912983056  
0.8421209155  
-1.545354882  
-0.1213156444  
0.2964083317  
5.133162402  
0.07775258945  
-0.1060861185  
-0.4128647312  
-0.9298825749  
0.03920780981  
-1.596360986  
0.9942636465  
-1.948608889  
0.1443401819  
-1.586587889  
-0.3262285704  
-0.4521300823  
-0.253264712  
-0.6802477595  
-0.7190172406  
0.4446972269  
-1.68843388  
0.06910463934  
-0.6975111288  
-1.912794011  
-0.2445839403  
-0.8076949115  
0.7178394459  
0.03662779875  
1.543577996  
0.3329400643  
1.442483333  
-0.003005278453  
1.420848285  
-0.2082088155  
1.765037923  
1.172277976  
-0.2721489885  
0.8472371613  
-0.7071884284  
1.076100066  
-0.5132238045  
1.112177725  
-0.7626823207  
1.462689317  
-0.7510943673  
1.012968383  
-0.5668834711  
0.4458959529  
-0.08865066968  
-0.2193340413  
0.264012696  
-0.5794688528  
0.4609238742  
-1.133903677  
0.6578622927  
-1.048355866  
0.7907444013  
-0.1925295831  
1.248667952  
-0.7088978289  
0.1488935345  
-0.02672682523  
0.579024901  
-1.245805067  
0.5873731826  
-1.162421632  
0.5284472529  
-1.860201868  
0.7315142686  
-1.03216341  
2.279982826  
-0.8320806776  
0.9295205157  
-0.004623400919  
-0.8188621824  
0.4811851241  
-2.185611234  
1.145440642  
-0.152936296  
1.831428571  
-1.657841998  
0.7399169725  
0.3227881087  
0.612875502  
-0.1201048598  
-0.3117913704  
0.3251246952  
-1.778554798  
0.7584123906  
-1.026156913  
0.6751133685  
-2.367797198  
0.3200077407  
0.6993160949  
0.5202995055  
0.284160907  
-0.7589512275  
1.776527095  
-0.527769857  
1.683313701  
-1.057944347  
0.8148394036  
-0.4044538608  
0.8208498016  
-0.7802283653  
1.39540975  
-1.089832871  
0.600350135  
-0.7799799218  
0.597405774  
-1.341105512  
1.198190252  
-1.572590113  
1.000289845  
