0.6461973731  
0.6211680791  
-0.2234533138  
-0.8828797334  
-0.2343713977  
-0.7677634573  
-0.4768741736  
1.480359789  
2.256684418  
1.268900823  
0.8738784647  
-0.9192870812  
-0.5097418357  
-1.073556113  
-0.1424125567  
-0.8712560828  
-0.4890407788  
-1.327643783  
1.216789631  
1.466979855  
0.6746561269  
-0.3751994766  
-0.5246548778  
-0.06748797047  
-1.267919912  
-0.1110125776  
-0.4748585417  
-0.6422326599  
-0.2570727673  
-1.967536082  
-0.7197763256  
-1.105719017  
-1.128180439  
-0.5385272298  
0.8828279299  
-0.4853854195  
1.320833211  
0.8839204098  
1.335053483  
1.350434811  
-0.4919363687  
-0.3006644552  
-1.258268184  
1.496260737  
1.973032234  
0.9960557626  
0.09092990505  
-0.9251842936  
-1.041301614  
-0.4310241764  
-0.07052953009  
0.1924818567  
-1.857296674  
0.5140017641  
-1.274687782  
-0.556837556  
0.7776711923  
-1.748524756  
-0.6443323963  
-1.597798556  
0.9850218624  
1.636598168  
1.145047003  
0.2856247047  
0.4584123162  
-0.01800224676  
0.4177673922  
-1.205224218  
-0.07100538136  
-1.236780067  
-0.2247709466  
-0.8747293822  
-1.42344706  
-0.6631140977  
-1.093725615  
0.03109999674  
-0.1047345522  
1.942299073  
1.459101386  
2.108015491  
1.215987266  
1.003002057  
-0.2175932617  
0.2915037075  
-1.719378183  
-0.6585202246  
-1.596315638  
-0.3785884231  
0.6613833989  
1.153775212  
-0.3984603994  
-0.1683498437  
-0.3182062104  
2.238043256  
0.6702160505  
0.7142654153  
-0.8392111107  
0.2443281746  
-1.12864666  
0.431068404  
0.7255151011  
1.206745596  
-0.352640267  
-0.3906802225  
-1.731287578  
-0.3550479681  
-0.6722551043  
-0.9033127562  
-0.3870046249  
0.04636256  
2.404144886  
0.1678240526  
1.185056352  
0.04976061788  
2.06107099  
0.3054983678  
-0.8699801333  
-1.88444869  
-0.1900112428  
-1.016976867  
-0.5476595269  
-1.154135173  
-1.605955455  
-0.1977850753  
-1.485304423  
0.05094833775  
-1.044875029  
0.05194268721  
1.881475753  
0.9653746032  
0.7681221021  
-1.949709437  
0.1874219306  
-0.06726168241  
0.09711382551  
-1.353059365  
-0.349633842  
-1.413755549  
-0.02249325928  
0.814753969  
1.040346508  
1.66536488  
0.5983427453  
0.4076642993  
-0.4370549566  
-0.6935267869  
0.05558461254  
-1.694980247  
0.139568006  
-0.9778741134  
1.059584342  
-0.4203171524  
0.2999054462  
-0.3224574223  
0.6563187166  
-0.5649143865  
0.4561185839  
-0.4497867484  
0.6851766705  
1.711850933  
0.3938965749  
-0.3723255524  
-0.5862036265  
0.2035591203  
1.104516136  
1.364728897  
0.4055622792  
0.5650668736  
-0.5885144908  
1.813500712  
1.040837453  
1.092479763  
-0.2802953399  
1.701803486  
1.828887213  
1.241213588  
0.8488889719  
0.2651129469  
0.5335852393  
-0.5583692033  
0.04260291724  
-0.8813110116  
0.5986738262  
-0.2996547542  
0.1792052359  
-1.153488036  
-0.3395268827  
1.858238286  
0.8431088885  
-0.7520651118  
-0.98724612  
-1.423946558  
-0.2122440013  
-0.2584851868  
-0.6137179377  
-1.261847944  
1.400966462  
0.7599480412  
0.3616656768  
-0.5606610192  
-1.352831533  
-0.254612429  
-0.9786720011  
0.5226815972  
-0.9779066962  
-0.6078797431  
-1.89825604  
-0.4988829196  
0.03000456449  
0.5854972376  
1.235166828  
1.317912901  
0.9221548682  
-0.2664928591  
-0.6415427998  
-1.721278547  
-0.1437578825  
0.1969357747  
-0.1980257834  
-0.2417042439  
-0.1280175619  
-0.4933956025  
-1.288429106  
1.31169413  
2.249980776  
2.301227755  
1.135528129  
0.7568839591  
-1.594885904  
-0.4969311097  
-0.9383907584  
-0.3131662256  
-0.4281419915  
0.08362983646  
-0.2251295727  
0.1914700255  
