0.7062651838  
-0.0572844776  
0.09961589022  
-0.590979023  
-1.789929216  
-0.6032113729  
1.130583002  
0.3791268345  
0.4532753411  
0.3658994528  
-0.1366750314  
-1.314047571  
-2.097413024  
-0.5429086292  
-0.0006658642013  
0.7105708486  
-0.08890651127  
1.392857197  
0.8048422875  
0.3295428466  
0.2027143103  
1.454649672  
1.871588862  
1.140086385  
1.314610786  
2.088198151  
-2.002107626  
-0.03358336395  
-1.326453911  
-1.605310708  
-1.115900691  
-1.508305989  
-1.757956659  
0.078147766  
-2.063753828  
1.727587876  
1.14044985  
-0.07731725545  
0.2255437142  
-0.01260390674  
-0.6005741994  
-0.5604209483  
-0.8394106322  
0.6816350566  
0.3917498714  
0.4508803073  
-0.09282478504  
-0.7346076632  
0.09934541462  
-0.9946485962  
-1.364313847  
0.08389365714  
-0.6000607161  
0.09342173993  
-1.361794938  
1.583415168  
0.9947095228  
1.236403399  
1.558856129  
1.206551262  
0.8882384897  
0.5246131869  
0.1705533676  
-0.3090773446  
1.293172402  
0.5622155785  
0.6521250571  
-0.8228953918  
-1.081109451  
-1.951442521  
-0.685847825  
-1.518246086  
1.480747655  
0.7827646794  
1.328980891  
1.493835694  
0.5416345631  
0.6805598682  
0.4271920264  
0.9894642489  
0.4347426636  
0.2382337382  
-0.196863569  
-0.03268561889  
-1.508586515  
-1.977394544  
-1.555987863  
-1.678089427  
-0.05448044922  
0.6630302391  
-0.5605165612  
-0.09090613217  
0.1346803062  
1.564022706  
0.254573189  
-0.007572530173  
-0.5838664171  
0.1020989647  
-0.5406466401  
0.8650360061  
0.9383982943  
0.4310350746  
0.1309008283  
-0.4412327187  
-1.777301988  
-1.327197858  
1.121343884  
0.9013492446  
1.144312739  
0.9302603394  
1.055051242  
-0.8780211407  
0.238236601  
-0.09234279713  
0.7561399999  
0.2263595902  
-0.957673613  
-0.8276168731  
-0.1701605484  
-0.7873399583  
0.959877414  
1.367393384  
-0.009081121434  
-0.05442640647  
0.9743271119  
1.704318392  
-2.207197925  
0.1182819194  
0.3538333888  
0.3801915379  
0.2820043443  
0.653143976  
-1.301816122  
-0.8859496091  
1.030271422  
-1.65648136  
-0.7723921683  
1.319258393  
1.160388096  
0.4554695049  
0.1764603772  
0.7973511329  
0.4848812049  
0.6706463416  
-0.6346979514  
0.04588351131  
-0.2178577024  
-1.171134484  
-0.3876897683  
-0.3606682254  
0.007619879655  
-0.6991969177  
-0.7478262912  
-0.6500869033  
-0.1422732333  
-0.8999249348  
-0.3748439614  
-0.5475797976  
-0.4909343218  
0.5333597848  
-0.5502288699  
-0.3128980258  
-1.160861004  
0.1399597553  
0.2575667728  
0.4249447923  
-0.6546963036  
0.3190520492  
1.040393396  
1.163393576  
0.02066601801  
0.07692882031  
0.07119435271  
0.476156697  
0.4562253249  
0.09951243111  
-0.1087011692  
-0.4409446307  
-0.2026911278  
-0.4326188212  
0.1978586055  
-0.1218285634  
0.2040769052  
0.1972185622  
0.09084033231  
-0.9949036776  
0.9569943264  
1.127332173  
0.1320252056  
-0.806748008  
-0.4439830054  
-0.5538664304  
-1.079440029  
-0.1138574489  
1.194947056  
0.9254201426  
0.2035281788  
-0.6589073949  
-0.6680905344  
-1.294627125  
-2.610205529  
-1.513588262  
-2.232334361  
0.7701912461  
1.22899685  
0.8927717489  
1.561305277  
1.270620386  
0.8539350452  
0.02647297232  
0.2915717794  
-0.1159658197  
0.3634902469  
-0.676979306  
-0.7244847663  
-1.639464073  
-1.969575857  
-0.573686863  
0.5023489903  
1.255486866  
0.374485472  
1.73009006  
1.770684092  
1.620879156  
0.494024478  
0.6090152207  
0.5998922798  
1.337002953  
0.7807860634  
1.069944806  
0.7065442142  
0.986829457  
-1.97793389  
-2.153135152  
-2.286336914  
-2.716771861  
