-0.6776528648  
-0.5749724926  
-0.3285705417  
0.2922513041  
0.8864625263  
-0.03775849115  
-0.9098860135  
-0.1100173949  
0.1302704662  
-0.1416452597  
-0.7516080301  
-0.3868932378  
-0.7381384394  
-0.3163571852  
-0.7295743902  
-0.6163924793  
-0.365506367  
0.2796782798  
0.215934387  
0.04996338931  
0.3458444408  
0.7484206205  
0.09446739371  
-0.07994935067  
1.162858828  
0.1170145283  
-0.4601746341  
0.7403489972  
-0.4363215735  
-0.5366178257  
-0.2077360056  
0.4044612261  
0.3078517096  
1.410425293  
2.82238594  
1.959227044  
1.228643469  
0.6266707454  
0.09106133442  
0.4792586107  
-0.2311323931  
-0.7108601906  
-0.1673106975  
0.4312919999  
-0.009981559031  
-0.2775237341  
0.04126128575  
0.03716036878  
0.122606842  
0.4931690246  
1.639021411  
0.4130016348  
-0.06253292426  
-0.1915496016  
0.8681969684  
3.507286204  
1.680788411  
-1.19071925  
-0.7734733639  
-1.022778386  
-1.132513434  
-1.386959344  
-0.5803952779  
-1.206066714  
-1.470059414  
-1.22740744  
-0.7424124409  
-0.40057787  
-1.263830742  
-1.187241388  
-0.1598781987  
-0.3578710433  
0.7009541741  
1.330953692  
1.585141823  
0.1714990538  
-0.8554591369  
-0.8951082386  
-1.161534472  
-1.000364617  
-0.7439558037  
-0.2818301439  
-0.01514150858  
0.02398012719  
0.0692324218  
-0.4612052121  
-0.1565765768  
-0.2826081004  
0.6815335473  
0.3505144259  
-0.5794565179  
0.2175399514  
1.411437586  
3.261366141  
2.607351433  
0.6335453063  
0.01627351689  
0.6008184287  
0.8454086838  
-0.5791836874  
0.5941701751  
1.796966289  
0.7421842246  
-0.9287444991  
-1.625721649  
-1.932599805  
-1.149580791  
-1.054945049  
0.4426564575  
0.7122696442  
-0.9728103838  
-0.7192343613  
0.1940188932  
-0.0388859259  
-0.6255972483  
-0.8229637155  
-1.434888477  
0.3047997444  
0.1319329879  
-0.6491824387  
-1.055370779  
0.5361848172  
0.9838842806  
0.3954817954  
-0.7342265345  
-0.6453738442  
0.4636851603  
1.066813541  
-0.03176716151  
-0.4028663405  
-0.5645734808  
-0.1958444596  
0.5713084727  
0.1235703669  
-0.3395334339  
0.2157034929  
1.42262048  
2.962401612  
3.314394268  
2.07679397  
1.587560037  
1.778139944  
0.319622127  
-0.9724746946  
-0.7223282186  
0.1093828876  
-1.380728924  
-1.284629981  
-1.247289119  
-1.233907458  
-0.7730640221  
-1.137886198  
-1.694002473  
-0.8457004343  
-1.150643659  
-0.7983384286  
-0.08990526709  
-0.43194458  
-0.4172106342  
-0.5750108702  
-1.011243209  
-1.214316623  
-0.750683586  
-0.6000925679  
-0.2165896452  
-0.5504238858  
-0.7039596117  
-0.2234321182  
0.7126402619  
-0.5206974182  
0.2114515807  
1.028245752  
0.7537280727  
0.2514595893  
1.008003637  
1.629613861  
1.630078726  
0.9129730267  
-0.4158277772  
-0.6307516392  
-0.5006222597  
2.111324782  
2.76893139  
0.9133563988  
-0.6563219148  
-0.7246008153  
0.08403877242  
0.5782223648  
-0.5811376329  
-0.8602545044  
-0.7105308265  
0.3377219097  
-0.04680299254  
-0.914627859  
-1.283849214  
0.1443764276  
-0.6962056597  
0.1562540647  
0.4594731045  
-0.2761754492  
0.1590484527  
-0.4302506502  
-0.5038745891  
-0.5206240109  
-0.2392725305  
0.1561855873  
2.067902337  
1.517884947  
-0.01721286492  
-0.3579194552  
-0.7026770191  
-0.7762986792  
-1.012656423  
-0.9076948105  
-1.350346128  
-0.7797429422  
-0.8061655179  
-0.1029176232  
0.4007218372  
1.276980797  
1.012374814  
1.207445012  
2.494921703  
0.8192996947  
1.294416063  
1.332868028  
0.7029536433  
-0.4397261926  
-0.4480639177  
-1.124289194  
-1.59918597  
-0.8983997513  
-0.6865157117  
-0.8065118898  
-0.6178166071  
-0.04792027914  
