0.1465567786  
-0.3475079263  
0.6362943651  
1.477410572  
1.293646929  
-0.06484988885  
-0.5013130506  
-0.9136375209  
-0.6961766141  
-0.5918876104  
-0.2900304237  
0.7848550578  
0.721711445  
1.236584032  
0.6455887005  
0.8650071635  
0.5274910067  
0.2305357659  
-1.08082811  
-0.817757261  
-1.460627055  
-0.7242045442  
-0.8351712761  
-1.539305618  
-1.379783039  
-1.545302874  
-1.06567695  
0.6197705226  
-1.085218923  
-0.2689401972  
-0.476542944  
1.021702325  
0.3452655296  
0.9497460774  
1.165918931  
1.899086499  
1.243775072  
-0.1749542333  
0.5413369268  
-0.987621167  
-0.1369555428  
-0.2666289982  
0.1427186585  
0.4497759762  
-0.4384289726  
-1.020530066  
-1.317016035  
-1.486827631  
0.5588050262  
0.02649161447  
0.2549530838  
-0.5320215138  
1.319192028  
0.4513849589  
0.2067062353  
0.6860011794  
-0.8081909148  
-0.1347680173  
0.2949346968  
1.507269005  
2.431533385  
1.905778182  
2.560352897  
0.6473385368  
0.1427943896  
-0.03651526141  
-0.3673359045  
0.1504870936  
-0.2064543295  
-0.6057435362  
0.2733472602  
0.0965977031  
1.213800438  
0.5391794753  
1.129469596  
-0.5188011215  
-1.472626108  
-2.456287075  
-2.155686536  
-1.659688111  
-0.7931594752  
-0.6663820109  
-0.562440237  
-0.6838286383  
0.2026503515  
-0.1641004483  
-0.3646283426  
0.4798667474  
0.6884505301  
-0.2146026322  
-1.011163201  
-0.7397748162  
-0.2526428288  
0.633070999  
0.4127591467  
-0.9335425612  
-0.3017615851  
-0.4159066158  
2.022164503  
0.5899768636  
-0.2238724852  
-1.124488614  
-0.3744234012  
-0.5913747948  
1.199461272  
0.02174927805  
0.3972796497  
-0.4083150596  
-0.1367712718  
-0.5162638697  
-0.6905714245  
-1.049222253  
-1.032686502  
0.7360807544  
0.3173873991  
-0.4512400014  
-0.921392111  
0.3541771742  
1.077960784  
1.563164769  
-0.613223625  
0.4373260753  
1.797808021  
2.424205341  
3.497392533  
2.878050905  
0.5092764863  
0.2380888467  
-0.8444211389  
-0.7677195901  
-1.213030588  
-0.56290876  
0.8667006556  
-0.520464889  
-0.8939052694  
-0.2244823243  
0.9585698049  
0.9642943758  
-0.06812485151  
0.3763191313  
-0.3533730922  
1.334693924  
1.508867613  
1.312994733  
0.6608592709  
0.9894407933  
-0.8634668764  
0.05849059888  
-0.7819712312  
0.09096090999  
-0.8894095343  
-0.5353514432  
-1.864861845  
-1.215691879  
-0.8203016769  
-0.3624654278  
-0.5873376075  
0.298416592  
-1.123839535  
-0.4293723988  
-1.481452459  
-1.537011792  
-1.755917925  
0.0600817655  
0.5339470237  
-0.4436364641  
-1.049491567  
-0.9629723503  
0.7503534228  
-0.04597370086  
-0.4316401066  
-1.197992207  
0.4684136447  
0.001824744514  
-0.2295116524  
-0.6333085277  
-0.3538345892  
-0.2077041178  
-0.1726056533  
-0.9106438475  
-1.291928521  
-0.4479425674  
-0.3405154818  
-0.02359006645  
-1.119957044  
-0.7392205658  
0.9406038935  
0.08141932245  
-0.4912551329  
-0.1011712523  
1.243897758  
2.213386106  
1.470796031  
0.9684151288  
0.7115155958  
1.324811863  
1.380773452  
1.777116084  
0.8569035445  
0.6508066208  
0.3828134679  
0.6791322101  
1.007340281  
0.2314495691  
-0.4060607483  
-1.157508885  
0.5656764602  
0.453048658  
0.340364045  
-1.56431915  
-0.4671558679  
-0.8500456129  
-0.7982080599  
0.2884584432  
1.407298537  
2.649045471  
1.007463543  
-0.04281295744  
-1.64942496  
-1.182561426  
-1.526028833  
-1.449951836  
-0.6599837378  
-0.577224649  
-0.4361376291  
-0.8079577962  
0.3031216433  
0.6390350977  
0.2124397118  
-0.2345819034  
-1.5441903  
0.3160818123  
1.786087231  
1.508705454  
0.3748280917  
-0.8760540698  
