1.578568247  
0.5367181181  
0.9133677903  
-0.1516320942  
-0.5190562658  
-0.8915772968  
1.267101591  
0.8192395752  
0.3608417819  
-0.9296247212  
-0.7135747664  
-0.5439329506  
0.1558101141  
-0.400599909  
0.3297649691  
1.343863917  
-0.2083946037  
0.6666264855  
0.2116717423  
-0.3424408878  
-1.640852591  
-0.7702983987  
-1.718822369  
-1.296146261  
-2.345844196  
-1.081845335  
0.05933050402  
0.615991697  
-0.2760787631  
-0.2057547136  
0.4046451008  
0.5420850811  
-1.020985701  
0.725998551  
2.234370724  
2.582076209  
1.608963656  
-0.6576300785  
-0.01388028895  
0.05709034611  
-0.5990310709  
-0.7317536284  
1.631114104  
0.1257147132  
0.1531180627  
-0.6566186187  
-0.2210837588  
-0.5487033328  
0.7086098958  
0.2792606144  
0.267494584  
0.272440542  
1.125960563  
1.299531492  
0.3262915346  
0.5464199842  
0.4049379807  
-0.3725320738  
-0.1715656467  
-1.473045619  
-0.3627953218  
-0.4595959634  
0.09380609869  
-1.040435621  
0.2128750831  
0.1016562216  
1.395895486  
1.011631909  
1.581904784  
-0.6150568998  
-0.674394388  
-1.029852892  
0.1871656647  
-0.0389563104  
-0.7811292921  
-0.2350565449  
0.2594515697  
0.6515688094  
0.1060878325  
-0.3187229889  
-0.08061289948  
-0.9239819365  
-1.938129253  
-0.9643816966  
-0.1957005783  
0.2516495189  
-0.02548662825  
0.3335187406  
0.6965219801  
0.352341385  
-1.926864095  
-1.08692895  
-0.4015690431  
1.861762446  
1.363354799  
-0.3586442579  
-0.5666660912  
1.144240731  
1.481648943  
1.006662653  
0.3519275268  
0.215709054  
-0.1474916402  
0.5429455138  
1.905845476  
1.475847198  
0.6436048861  
-0.1591009274  
-0.7886867205  
-1.346695925  
-0.8142626236  
-1.123827095  
-0.9330748967  
-1.255476165  
0.4027805073  
0.907075823  
0.1822465742  
-0.5523348462  
0.4629242415  
1.715958559  
-0.1990242203  
-0.7131365755  
-1.607305386  
-0.1165042501  
-0.5449417224  
-1.9909234  
-1.139201212  
-0.2948049355  
-1.223873118  
-0.1206536552  
0.815510615  
0.2342097294  
1.805907736  
0.465594169  
-0.5499790718  
-1.760425406  
-0.2730364211  
0.3761353127  
-0.446062788  
-0.08118733567  
-0.2360911327  
1.534821982  
1.335373029  
1.952557711  
0.6975085747  
1.47410468  
0.8219840976  
1.110956042  
0.658684308  
0.4212211307  
0.468323593  
-1.383330015  
-1.161834125  
-1.272588285  
0.2809442179  
-0.02014427982  
-0.807985203  
-1.72914824  
-2.725862373  
0.4992023247  
0.9066520586  
1.86000156  
1.417023265  
1.737830385  
0.8441439807  
0.6615347721  
-0.4706878229  
0.05012566126  
0.5396305481  
-0.3951054009  
-1.299250292  
-1.230655204  
0.4575468025  
0.1434020055  
0.3217644835  
-0.7765126482  
-0.5318802853  
-0.6236200432  
0.4034110582  
0.5868644007  
1.516899317  
0.568815246  
0.6166743573  
-0.05280663009  
0.5213260464  
0.7148792189  
0.4357119183  
0.4853125392  
-0.6583231541  
-2.066908525  
-0.961063613  
0.6924331979  
2.772132894  
1.488774967  
1.388319522  
-0.1221210828  
-1.218375391  
-0.4947539433  
-1.876529908  
-1.324359656  
-2.262602371  
-1.128096145  
-2.312945933  
-0.8419400208  
-0.6286184719  
0.08299598518  
0.3650228517  
0.6055426251  
0.7213937419  
-0.7681901592  
-0.3585270421  
-0.9269599693  
-0.8378597208  
-1.965167076  
-1.787598818  
-1.075662729  
0.6647176609  
1.399691821  
0.3007994957  
-0.7225623153  
-1.220428012  
-0.6972565256  
-0.07724446104  
0.2587287459  
0.03979344252  
0.3599993489  
0.7491941382  
1.34198655  
0.2345569575  
1.275380036  
-0.6342560904  
0.8393839648  
-0.2097424506  
1.227682366  
0.9431047592  
0.0560192611  
