0.6391509746  
1.276444413  
-0.0196100959  
-1.711350295  
0.3540222553  
0.4695783536  
0.4149337291  
0.1452263162  
1.031983971  
-0.6183390147  
0.9878935385  
-1.495621062  
1.433701113  
-1.307246489  
1.108402367  
0.002015279051  
1.479678553  
-1.252436714  
-0.0238787294  
-0.2184833386  
0.5300543857  
1.082519692  
-1.179957642  
0.6226754315  
-1.339720973  
-3.815870843  
-0.002059883015  
-1.126502119  
1.33388593  
-1.580322506  
1.490759103  
-1.770075635  
-1.197518053  
-0.7455873648  
1.36077099  
0.9602664656  
-0.6796037191  
2.136713657  
-0.6122900606  
2.632410279  
-0.5108216143  
-0.9292147934  
0.5693265635  
-0.8309270369  
0.3345203822  
2.231884548  
0.02836962252  
0.997704729  
0.289338445  
0.177293781  
-0.929855977  
0.765180449  
-1.414105987  
1.146679374  
-0.3172708095  
-0.8017620383  
-0.2964801208  
-1.111715228  
1.023111772  
-0.875932171  
-0.1690067138  
0.07524076161  
-1.271207706  
-0.4516267331  
0.8470472819  
-0.6551254232  
0.112130872  
-1.531135318  
0.4494426506  
-0.9097010361  
-0.2526647239  
-0.3913463332  
-1.823960838  
-0.5005302775  
-1.235704186  
-0.4644678101  
-1.503274028  
-0.1183361204  
-0.7843171313  
0.06357322069  
-1.064016598  
-0.247007941  
-0.02605127544  
-0.09131753301  
-1.633295293  
0.3256123129  
-0.09210563001  
2.131814844  
-0.4128397888  
1.27650204  
-0.4939031797  
0.3114039507  
-1.380029094  
-0.5082763494  
-0.8085952355  
0.976949791  
0.4618396534  
0.4379676741  
0.1225329763  
0.2180408468  
-0.767042949  
0.8334099621  
-0.6044907687  
-0.1635901796  
-1.677862406  
-0.2420192246  
-0.2347734711  
0.3513228142  
1.728346291  
-0.2225192891  
0.2133941756  
-0.8178073273  
1.09776784  
-0.4242846292  
0.08079776963  
0.709332712  
1.241410636  
-0.040377769  
0.86606175  
-0.5582897334  
0.7723913624  
1.240543024  
-0.3316525308  
0.8447922983  
-1.096844213  
3.852704782  
1.43430222  
0.6216902043  
-0.7746098995  
-1.64961348  
0.1966121819  
-0.4679598727  
1.589107531  
-0.4238291529  
-0.1116534277  
-0.9027123571  
0.3134174688  
-1.519338444  
0.4882798625  
-1.129356355  
1.033276953  
-0.5476637548  
-0.4698136142  
0.716011567  
0.9917557705  
0.1645247132  
0.3888096434  
-1.100151847  
0.7399102393  
-0.6332675362  
0.3523252692  
-0.3659099185  
0.4512059991  
-1.679100616  
0.2424491192  
-0.7672391199  
1.28275557  
-0.8636457129  
1.04162617  
0.1013295661  
-0.2057774225  
0.3000041342  
-0.1236386056  
0.09059004936  
-1.161175314  
0.9620414095  
-1.678115221  
1.241520868  
-0.6151935743  
0.5202704348  
-1.731629151  
0.6193088855  
0.1305761895  
-0.7227962535  
-0.3876342711  
-1.133959745  
-0.4335663781  
-1.268134835  
0.6454036721  
-1.092548557  
1.454026017  
-0.2854933973  
0.7639661681  
-0.006854808869  
1.467009347  
1.830162925  
0.4879848212  
0.3392608424  
1.410675664  
0.4507160059  
0.4481934324  
-0.7762053665  
0.6888586936  
-0.6667520981  
0.6733378616  
-0.932883851  
1.837603718  
0.302746554  
1.707980198  
0.6514491662  
-0.5001200669  
0.5659250866  
-0.4777028347  
1.059579219  
-0.3904880622  
0.3403103709  
-0.8454441456  
1.169837964  
-0.3942243454  
-0.6258104155  
0.1391002095  
-1.329601977  
1.877115574  
-1.19033702  
0.4293094692  
-1.897922599  
0.8520741163  
-0.5305655533  
-0.5488306976  
0.7418689822  
-0.5255160672  
1.204311268  
-1.101973679  
0.5257657052  
-0.9657488389  
0.934127398  
-0.3379350865  
0.8095106331  
-0.3962682671  
0.2298183715  
0.5224831371  
1.137658314  
-0.9152585106  
0.1082221961  
-0.7796655369  
0.578628883  
