1.975737983  
0.8064874186  
0.2896266256  
-0.04763613843  
0.08320973523  
0.872847543  
0.6701885954  
0.033699239  
-0.1610296738  
0.912341337  
-0.1502302639  
-0.2422603787  
-1.098456256  
-1.508836468  
-0.9674761713  
-0.4506179499  
-0.7109223618  
0.4413372631  
-0.1306470759  
-0.7267801949  
0.0218589119  
0.1958225547  
-0.34028582  
-0.6568944162  
-1.083902872  
-0.6772395951  
-1.105020353  
-0.5373559871  
-0.495775496  
0.2744501154  
-0.3552576556  
-0.521391622  
-0.1652656904  
0.7595340894  
0.6676091078  
0.9268112141  
-0.01685757338  
-0.3407408623  
0.7964910956  
-0.02045811008  
-0.009937104674  
-0.2912138362  
0.8214507869  
1.56262021  
1.184141424  
0.1379132714  
-0.2152343592  
0.1600624555  
1.269655406  
1.286312163  
0.5765173796  
0.6079121474  
1.44561566  
0.7574578211  
0.6097598687  
0.3639289805  
0.228476682  
1.217590589  
0.01701612767  
0.5486923912  
0.4690095574  
-0.1563472852  
-1.042062611  
-1.027362372  
-0.4577473158  
0.3487915161  
0.9777540667  
0.2267130522  
0.03438795156  
-0.492782133  
-0.8135971735  
-0.7467848651  
-0.5342491299  
-1.018279446  
-1.148179831  
-1.698017804  
-0.5989439165  
-0.03102585282  
0.987523788  
1.484394587  
2.076795154  
0.270958943  
-0.03966266551  
-0.2146949147  
-1.032202187  
-1.542159029  
-1.139077402  
-1.159040012  
-0.8646031391  
-0.6368512253  
-0.2242325083  
0.5430960259  
1.330997552  
1.339621536  
0.5666837636  
0.6357621018  
0.0749628846  
0.902454888  
1.838016962  
0.3218882044  
-0.06323641634  
-0.3560492082  
-0.42602208  
-0.9539357045  
-1.283402515  
-1.0915314  
-0.4912028771  
-0.7515502923  
-0.8323669867  
-0.1030798587  
-0.3469694087  
-1.032572727  
-0.7834292439  
0.459251392  
1.020828037  
-0.2018980905  
0.7702883752  
1.907571416  
2.525575936  
0.2560861557  
0.4703971832  
1.320934131  
1.973760333  
1.948623192  
1.571445732  
0.8501618243  
0.01945298556  
0.3421895645  
-0.8226993297  
-0.3598396544  
-0.3968028955  
0.9282735537  
1.00718209  
0.4098805889  
-0.3982600531  
-0.1214737244  
0.7219642152  
0.3880916614  
0.4099550348  
-0.2626682396  
-0.2164312314  
0.5585077218  
-0.02867070035  
0.5219375437  
0.6774540959  
0.04465311934  
-0.4703269743  
-0.3299775985  
-0.5758419538  
-0.6719195762  
-2.319748664  
-2.623490895  
-2.520946796  
-2.143480539  
-1.68733611  
-1.69833516  
-1.901980994  
-1.477405986  
-1.22103204  
0.4652451413  
0.7894563796  
1.141569012  
1.013923714  
1.218537584  
0.841056719  
0.931966708  
1.295316206  
1.380369866  
0.8029300002  
-0.6803925909  
-1.619573884  
-1.589606477  
-0.9913475071  
-1.436395766  
-1.201179317  
0.1934397188  
1.145493218  
1.690151053  
1.896072702  
1.406363734  
0.7245810886  
0.1004218371  
0.870565275  
0.9045527602  
0.1051688995  
0.1891036395  
-0.2756205067  
0.8999569863  
-0.2479091473  
-1.40124299  
-0.8106560748  
-0.4587141349  
-1.228318124  
-1.403910556  
-1.769906832  
-0.8862111274  
0.5362430319  
0.4090785095  
-0.558839116  
-0.2236657237  
-1.041380875  
-0.8656833852  
-0.8552848072  
-0.9564772124  
-0.9148092048  
-0.8967567289  
-1.538925988  
-1.358356673  
-0.2505503903  
-0.1064293602  
0.5758871948  
0.8716352419  
-0.3444894402  
-0.7546987066  
-0.1609045077  
0.1522946732  
0.0368115464  
1.316113233  
1.992581475  
2.066676837  
1.06652875  
0.9485007042  
2.059798681  
2.862498496  
1.64524569  
0.1711334193  
-0.2507929717  
-0.5028242111  
-0.6775357106  
-0.1417852053  
-0.4087439194  
-0.4890530596  
-0.5180783568  
-0.5861401045  
-1.708417977  
-2.051572636  
