1.394645772  
2.509547862  
0.9005139165  
-0.3557315819  
-0.8404085053  
1.165624015  
1.056057012  
0.8951452531  
0.4358905854  
0.4595570732  
-0.2203262545  
-0.6726502837  
-1.21420833  
-1.993239614  
-1.004297476  
0.1111409895  
-0.5880286779  
-0.5470486577  
-1.295959639  
-1.743600684  
-0.8085592008  
-0.5508504031  
-0.7103001127  
-1.719308392  
-0.4232042999  
0.2133054869  
-0.6385367707  
-0.4093244185  
0.1930103487  
0.4666011906  
0.4574729393  
0.6046394084  
0.5429626896  
0.731183262  
0.8651898417  
0.4094316127  
-0.5124741159  
0.3301691967  
1.392333992  
-0.03820130215  
-0.2956224854  
-0.3544257969  
-0.379297286  
0.8590752896  
-0.01470732692  
-1.28815426  
-1.207750313  
-0.03711957357  
0.6629655895  
-0.1933725852  
0.1626024425  
-1.028916729  
-0.2576084682  
-0.1680618539  
0.06204972421  
0.3621547542  
-1.1809532  
-1.004101062  
-0.6701945089  
0.7477305641  
0.111863987  
-0.3387325296  
-0.4354646616  
0.02667650068  
-0.19933578  
0.194747229  
0.5038403561  
1.288828765  
-0.1729504201  
0.8120375055  
1.269516772  
0.5400688151  
-0.5405132032  
-0.6234812733  
0.2671270046  
-0.1810276166  
-0.2481623064  
-0.9071522555  
-0.867140422  
-0.3525324098  
-0.06444160808  
-0.03215627452  
0.3338607418  
-0.7671682727  
0.3255328118  
0.6918882443  
1.777576652  
1.827277648  
0.0003103645905  
-1.725388292  
-0.5941173523  
-0.6295673735  
0.6120693171  
-0.4230611696  
-0.7242101613  
-0.4162789363  
0.4972731815  
-0.1724825029  
1.71150235  
0.7356961884  
0.2399077176  
-0.3400118882  
-0.07839706592  
0.2985332249  
0.3974601029  
0.3516065517  
0.4701664816  
0.8513534756  
-0.2349937844  
0.2677389063  
-0.5775632848  
-0.2494420648  
-0.8756725502  
1.201357669  
1.456015625  
0.7704044274  
-0.1887038449  
-0.3366640196  
1.030600436  
0.9070523745  
0.2143792382  
-1.807170269  
-0.5502624023  
-1.764247898  
-1.411944416  
-1.69998517  
-1.241440372  
-1.687548025  
-1.149828253  
0.6086198543  
-0.2567745799  
0.9119755534  
0.9222793804  
2.073209114  
1.568977926  
0.9126578936  
-1.162469754  
-0.8540021011  
-0.7216194911  
-0.1298292971  
0.279782725  
0.9908316472  
0.8006520991  
-0.2334402327  
-0.4769519717  
0.2365676875  
-0.4670551817  
-0.3978273658  
-0.788199337  
-0.03800026096  
-0.2653754147  
0.8408173863  
0.4669541654  
-0.1003851506  
-0.9174498492  
-0.9902184289  
-0.5574139055  
-0.3340878768  
0.2974872342  
-0.3984055465  
-0.5655692297  
-1.172342786  
-1.084531783  
-0.307226065  
0.9429210396  
-0.3879273875  
0.3099483751  
-1.337811218  
-0.3033003983  
0.8706194918  
1.241897192  
1.713604267  
2.15679996  
1.494779384  
-1.100692391  
-1.637045574  
-1.719017213  
-0.510173498  
-0.9179015828  
0.5046867923  
-1.082726978  
-1.479781838  
-1.904029991  
-1.196851895  
-0.446655137  
1.513238963  
1.076773871  
1.797795168  
1.755820317  
2.953203316  
2.236899874  
3.787093144  
1.775173051  
1.201986718  
1.438186875  
0.4072848494  
0.352245935  
0.1490130436  
0.1640415628  
-0.6792933832  
0.7782746036  
-0.2020089774  
1.776890271  
0.6897979223  
0.9549127986  
0.6861684569  
0.3133994419  
0.2282135379  
-2.019314579  
-1.60257854  
-3.043863187  
-1.577007216  
-2.132135948  
-1.239641758  
-1.540618801  
-0.3025112956  
-0.1074937662  
-0.8422238549  
0.7643061425  
-0.10222143  
0.5639077121  
-0.5433216626  
1.846770283  
-0.4054697612  
0.3444381118  
0.04827783732  
-0.1510354088  
-0.2583351033  
0.7813162893  
-0.3141239527  
0.5745514683  
-0.2004104255  
0.3934122061  
0.124657952  
0.6850173799  
0.1980743085  
