-0.8649375931  
1.12046466  
0.5625251469  
1.781309167  
1.080826669  
0.8216574103  
-0.7941563018  
-0.424072663  
-0.5161327785  
0.5400470875  
-1.422188352  
-0.5529671063  
-1.269485675  
-1.012042039  
-0.3487532639  
-0.5866955702  
-0.2065193791  
0.8180906365  
-0.2441452988  
-0.6344669133  
-0.3978363483  
-0.4071763804  
-0.6151477979  
-1.558947351  
-1.321856349  
-0.4204543022  
0.8815769179  
3.00137424  
0.7889832826  
-0.1471290448  
-0.01445104167  
0.1640048468  
0.02132593763  
-0.1253062186  
0.4398604946  
1.176368187  
0.01106238274  
-0.2500689991  
-0.3570058747  
-0.9054049613  
-0.1572347937  
0.2138245293  
2.848321867  
3.761401535  
2.250956208  
0.8931490455  
-0.7549674521  
-0.4061820615  
0.4787074106  
-0.2713050385  
-0.1937160011  
-0.1328644595  
0.6296394746  
0.04319510212  
0.6149695983  
0.6042332029  
-0.417721948  
0.1141531214  
-0.7981189403  
-0.6232237539  
-1.051255058  
-1.173327406  
-0.3895821565  
-1.011601073  
-1.340444923  
-1.133798725  
-0.8862181494  
-1.071697863  
-1.729993347  
-0.9861742992  
-0.318901305  
0.07985266521  
0.9017758658  
0.5993720578  
0.7297988462  
-1.129130083  
-1.014437387  
-1.564659871  
-0.7097127689  
-0.9767418324  
-0.6283524715  
-0.896358551  
-0.02980311157  
-0.4281670576  
-0.6312909824  
-0.7282756189  
1.117439056  
3.740103731  
4.759778641  
3.463176116  
1.530746311  
0.2569835397  
-0.2281900659  
-0.6167626631  
-0.6682696256  
-0.3821124707  
0.1527246579  
-0.2559508211  
-0.2484955878  
-0.6071314963  
-0.7841872387  
-1.057618572  
-0.403217483  
-0.6421233715  
-0.272722804  
-0.7799373762  
-0.557687374  
-0.7097524154  
-0.6345409498  
-0.6229385495  
-0.8284870538  
-0.5794784341  
-0.5493853857  
1.02850055  
-0.1046869183  
0.05189091204  
1.169170505  
2.393458685  
1.229414538  
-0.3250049443  
-0.8465074141  
-1.359673658  
-0.309233267  
0.2241129105  
-0.2157314459  
-0.05336952891  
2.037469396  
3.241173444  
0.9101872243  
0.2157194712  
-0.9258427524  
0.1636873552  
0.1578696261  
-0.1465749255  
-0.8714265837  
-0.4954261885  
0.5764371734  
0.2765065453  
-0.3133022351  
-0.4536563366  
-0.2368965973  
0.6928647094  
0.2468101246  
0.3372516643  
1.230875931  
0.9298678519  
-0.5407862754  
0.2090884587  
-0.7250956237  
1.191374973  
1.395304242  
1.181008419  
-0.1789949082  
-0.5815880143  
-0.8871625268  
-0.6747161956  
-0.8490556731  
-0.4855518054  
-0.2117780223  
-0.01560779617  
-0.6321715075  
-1.2128473  
-0.9563768896  
-0.4996989828  
-0.6483894128  
-0.8947036879  
-0.1436724182  
-0.4696050299  
0.113736221  
-0.7326289712  
-0.4397373208  
-0.2156986964  
0.1532752391  
0.0800772698  
0.04740411658  
-0.04407912853  
-0.8664724361  
-0.2781484358  
-0.4459787006  
-0.4978923424  
-0.582190799  
0.129968081  
0.2382917798  
0.3720706373  
-0.3440237185  
1.789275766  
2.761237443  
3.087571369  
0.5114048584  
0.3446029176  
0.08144059469  
1.505921985  
0.08568802951  
0.1286542536  
-0.1021475381  
1.098211081  
0.4760207167  
0.1393311523  
0.02579233419  
-0.125681718  
-0.2188252176  
-0.1775524438  
0.03127108486  
-0.2851916743  
-0.9219257321  
-0.9757880044  
-0.569898447  
-0.8709908287  
-0.9702182715  
-1.095413951  
-1.033689975  
-0.1451723423  
-0.1467143004  
0.4783120593  
1.142617342  
1.239191112  
0.3368335689  
0.2348572188  
-0.4286008161  
-0.4193884127  
-0.5588835973  
-0.601044896  
0.865283412  
-0.5225298924  
0.3223752245  
0.01092987913  
0.2764716141  
-0.3672183207  
0.7830968208  
0.1612604955  
-0.8095878064  
0.1372993359  
0.2991535037  
-0.1234195055  
-0.1254125425  
0.1461246023  
