1.013423659  
-1.995136328  
1.841657143  
-1.314742168  
1.406712588  
0.04205910671  
1.53960447  
-0.891380944  
1.032492026  
-1.493935126  
2.115292379  
-1.954810623  
0.4128545923  
-0.07558596351  
0.2784182959  
-0.02309665983  
1.162010743  
-0.3422452609  
-1.021918427  
0.6052501952  
-0.8243407381  
1.059598666  
-1.557957439  
-0.1948749979  
-1.191783976  
-0.04456882917  
0.4755167455  
-0.1717912564  
1.466708654  
0.3393008609  
0.6990337913  
-1.42454865  
-0.8385414237  
-1.532455991  
0.6243411869  
0.8427308421  
-1.164672202  
0.4361076175  
0.01859888633  
0.1611372139  
0.08287136797  
-1.541060009  
1.392451593  
-1.925497894  
0.2437747096  
-1.400116422  
-0.3202014002  
-0.4305663598  
0.9164908187  
-1.019783205  
-1.0603462  
-0.1298708766  
-0.5382352836  
0.3521249825  
0.9106084744  
0.6644517592  
0.7602584704  
-0.2809873534  
0.1547360886  
-0.8594625734  
0.02466600738  
0.3887010157  
0.5675286182  
0.2486584269  
-0.4369407413  
-1.07664912  
2.132031236  
-0.6054333551  
-0.4916250195  
-0.9545556232  
0.1188596717  
0.8316102724  
-0.01154260915  
0.7845752423  
-0.3664515111  
0.3343198091  
-0.4109384696  
0.4050406694  
-0.2947128329  
0.7495407524  
0.0801067741  
1.00654663  
-1.728692394  
0.9781006151  
-1.74614232  
0.1832934038  
3.067941392  
0.4116379732  
-1.97608336  
0.5181277684  
-1.840529012  
0.6857625131  
0.06623178738  
0.6841974781  
-1.409519372  
-0.5454186934  
-1.055962488  
-0.01484710211  
-1.214325578  
1.588863634  
-0.7775916206  
0.0917308634  
-1.490511275  
1.228963452  
-1.062489455  
0.7027240575  
-0.2860472144  
-1.088811113  
0.2703600092  
-1.274176556  
0.3917041518  
-1.136671693  
-0.1154977724  
-1.481738166  
-0.5869766255  
-0.8080423211  
0.8868130944  
-0.2740554768  
1.175119552  
0.8509653446  
-0.09035142123  
0.8924573451  
-0.7671688944  
1.065385315  
-0.619541441  
4.796184687  
0.5438192367  
-0.5207018925  
0.5854393136  
-0.1311716208  
0.6256465616  
-0.4944102802  
0.1634655716  
-0.2612983238  
0.8002275114  
-0.8711725  
1.081008653  
-0.5888126412  
0.5344298192  
-0.8319869062  
0.03145033921  
1.136686951  
-1.5342706  
0.4266272075  
0.2678587277  
0.7812296822  
1.54003785  
0.2118532095  
-0.2032380771  
-1.199117311  
0.5247751276  
-1.197279506  
0.56120249  
-0.9458781753  
0.9840222051  
-1.180731994  
0.3356542797  
0.8610047507  
0.198492047  
0.8116207945  
-0.4558388629  
0.1584778406  
-1.120581651  
1.473348812  
-0.5140667238  
1.688087025  
-0.5272655642  
0.510226567  
-1.208209229  
0.08249915084  
-0.1473918934  
0.5267919725  
1.255304385  
-0.5813210606  
0.9015046518  
-0.4940590486  
1.201798892  
-0.6912411072  
1.417338405  
-0.8294626774  
0.3008675132  
-0.871941749  
0.4332523188  
-1.169288162  
0.1526572237  
-0.04612798765  
1.122275447  
-1.251532345  
0.2432880757  
-1.194019963  
0.1146126227  
0.2575817579  
-0.01236567838  
-0.6419117893  
1.06481339  
-0.7275098773  
-0.1466865716  
1.059961142  
-0.8671179739  
1.807386196  
-1.909376497  
0.03249426295  
-0.7815051639  
0.6994659135  
-1.025396584  
1.394310582  
-0.217303184  
-0.2237158284  
0.3527891613  
-1.119792822  
1.084664299  
-1.116836365  
-0.3789411715  
-0.4344950695  
1.662083025  
-1.121570754  
0.1473109756  
1.26703287  
-0.4229707293  
1.158843741  
-1.025454694  
1.796733693  
-0.9186434525  
1.019797414  
-0.6138314144  
1.090196634  
-1.180128724  
0.172129183  
-0.5123822783  
0.06617904756  
-0.8384640228  
1.318960931  
-0.9411745372  
0.3948953301  
-0.9292734071  
1.0779414  
