-1.031076446  
2.017059848  
-0.3682407717  
-0.3696068574  
0.33845996  
1.517369169  
-1.615177679  
0.5348167062  
-0.1882766003  
1.771359406  
0.1998034897  
-1.402575824  
0.8869685063  
-1.349086712  
1.024735543  
-0.8040271789  
0.7980195565  
-1.061589052  
0.4878829739  
-0.6707200624  
1.388060772  
-0.3486573204  
0.9461685266  
-0.7729989553  
-0.3139726586  
-0.6110514725  
0.09937733242  
-0.2624383898  
0.4062302878  
-0.8512492843  
-0.5173240972  
-2.15072717  
0.7566065773  
-2.609510719  
0.1565495709  
1.167533697  
-1.62417819  
0.5394452109  
0.1799026173  
0.4896069068  
-1.276975432  
0.7337264035  
-0.3216099252  
0.03623849068  
-1.921838594  
0.4846714799  
-2.03864794  
1.922758062  
-0.04395271109  
-0.4463856929  
-1.917392393  
-0.2782986167  
1.013037488  
-1.548449995  
2.035808575  
-1.337907606  
-0.4226436365  
3.416535553  
-0.1741543587  
1.093719918  
0.09354160082  
0.1153858686  
-1.551124135  
1.499568024  
1.025331226  
1.406316393  
-0.116230516  
0.5828997448  
-1.865747729  
0.4371223166  
-1.364995508  
1.71186222  
-0.2360236616  
0.5869265638  
-0.02624395264  
-0.673918876  
0.9205419386  
-0.2519408354  
-0.7648877502  
0.5302594548  
0.7064645037  
-0.1788704858  
-0.1434433854  
0.4853462789  
-0.1230897548  
0.2360680949  
-0.1330723696  
0.4317617581  
-0.4480077889  
-0.4141281642  
0.6936085095  
0.1677261167  
0.534727591  
0.2403271494  
-0.3548063826  
-0.5100044885  
-0.1153105413  
0.5983495182  
2.061904512  
1.117260948  
1.347125289  
-1.126447749  
-0.2839407574  
0.4875568788  
-0.06146787723  
1.096563803  
-0.43183596  
0.2889071586  
-1.04462136  
-0.7923024829  
0.4857797564  
1.262610237  
-1.234506081  
1.181905053  
1.098036921  
-0.2097902723  
-0.614922424  
-0.6388114933  
0.97770038  
-0.2113354959  
-0.000387621546  
-2.108509833  
-0.4695210449  
-1.407057368  
-0.6515554382  
-1.964516678  
-0.8920324851  
-1.195273482  
-0.4393125654  
0.697293353  
-0.387179632  
0.5385762245  
-0.2389416466  
2.268451328  
-0.02739727919  
0.4472636949  
0.5462251954  
-0.353754005  
-0.02408218798  
-1.198147654  
-0.08391822243  
-0.4018556513  
0.07721305884  
-3.03330941  
1.393919351  
-1.726954917  
0.01974003334  
0.6191256854  
0.03907625921  
2.224955167  
1.752473228  
1.388318617  
1.798487308  
-0.3536880836  
-0.5288540419  
0.3285811454  
-0.1265135623  
-0.8060304899  
0.4696891011  
-0.3175153069  
0.2497585191  
-0.8877450085  
0.5188223187  
0.01313741767  
1.429102631  
-0.9348134876  
1.000082578  
-0.1437163572  
-0.6811890478  
-0.8882932493  
-0.9066984794  
0.194727716  
-0.5004548009  
1.05526138  
-1.641750491  
1.782736583  
-0.7333861008  
-0.3056350835  
0.5360494691  
-0.6093314795  
0.8967230705  
0.5739203512  
0.789845379  
0.1115506378  
0.08899889862  
0.9671792606  
-1.219545216  
0.3761638361  
-0.4984696465  
-0.5538702315  
0.5871101661  
0.4167008548  
-0.2469376715  
1.358370674  
0.2983140194  
-0.2527006745  
1.805538025  
-0.6850480414  
1.640078132  
-0.8247197059  
0.2810371916  
0.06028468596  
-0.2443063175  
-0.9205898107  
-1.360490624  
0.452575064  
-1.271341575  
-0.9632099601  
-2.13853774  
0.3391480059  
-0.7558383651  
0.7304550297  
-0.4926531328  
-0.5125544425  
0.4961089799  
0.01002311439  
-0.1264126812  
-1.24336795  
1.238354124  
-0.01824369058  
0.6774936499  
-0.3057890525  
0.2905093621  
1.718441105  
0.4994775714  
0.9834888931  
-0.6846789897  
-1.382273768  
0.8268903139  
-0.372352469  
0.2947993733  
-1.351662992  
1.233188699  
-0.006344943218  
0.03466897926  
-0.3446107403  
