0.07845758344  
1.119270612  
0.5477667953  
1.423172477  
-0.6002709622  
0.4783799468  
-1.595714886  
-0.780591262  
-1.077614348  
1.219442984  
-0.1864861291  
-0.7084626826  
0.3646047396  
0.6186085045  
0.3132680017  
-1.509553047  
-1.457817541  
-0.6932052092  
-0.3369476187  
0.3843472828  
0.5101148746  
-0.3774457977  
2.152912915  
0.5192763574  
0.2924068586  
-0.5241020264  
0.01836506378  
0.6945184811  
-0.9604714051  
0.06889983977  
0.4081752394  
-0.1446831198  
0.9178490706  
-0.8552548456  
-1.005819122  
0.05283020309  
-1.227296154  
-0.3447254626  
0.5880427756  
0.4644598717  
-1.641016143  
-0.6543678385  
0.09325299849  
0.9224354649  
-0.7464931998  
-1.074205536  
-1.116552629  
1.390179049  
1.766926175  
0.7023460925  
-0.362406637  
1.696849227  
1.145401901  
-0.5358783633  
0.4088369916  
-1.766583662  
-1.51524039  
1.597236064  
-0.6436510364  
-0.03771028112  
-1.311789564  
-0.8976389602  
-1.770997829  
-0.5194472613  
-0.6965772086  
0.9631186199  
0.1056907501  
0.3719175966  
-0.2892041176  
0.4474968985  
-1.781996216  
-0.2402057694  
-0.9543057548  
-0.1933274479  
1.47207626  
2.206644726  
2.377154753  
2.115384692  
1.708213901  
1.349579077  
2.255905383  
2.174100392  
1.980686786  
2.614469913  
0.0477957523  
-0.6597790852  
-0.6357241958  
1.628691646  
0.357610072  
-1.403833506  
0.03698489729  
-0.9495502213  
0.850955749  
0.4470205391  
-0.2570729221  
-0.1629515013  
-0.2376100303  
0.4403883232  
0.7678584545  
-0.2304096249  
1.27293102  
0.2489270064  
-0.8073848531  
-1.072085576  
-2.074477326  
-0.6529829618  
-1.402274271  
-0.01789677357  
-1.720503081  
-0.507139325  
0.03170529591  
0.3123761195  
-0.4018781707  
0.5835811137  
0.04698080662  
-0.7068635266  
-0.3632357533  
-1.094910758  
0.02618721966  
-1.502191015  
-0.6764004602  
-2.471637942  
-1.009430077  
-0.7984878756  
-0.4239573835  
-0.04916401415  
0.4467378159  
-0.4408009118  
-0.1353034921  
0.3758680958  
-0.5260028597  
0.0005741030785  
0.2350677062  
1.686337453  
0.3442443997  
0.8901409928  
1.374335229  
0.6834251949  
0.5004817874  
-0.8616467328  
-0.2456316881  
-0.7540402804  
-0.8244301498  
-1.523620699  
0.9648449389  
-1.026948361  
0.8052732988  
1.302181914  
0.2267046801  
0.7460284795  
-0.419701516  
0.6045643301  
0.1617231366  
0.5633502989  
-0.3455621253  
0.5576238987  
-0.7617632813  
-0.7093935489  
1.405038249  
0.7141635531  
-0.09597027381  
-1.754585217  
-0.520435582  
-0.04864853317  
1.282099361  
0.8070309688  
2.472128652  
1.024483627  
-0.04870064784  
-0.6356241045  
-1.69376543  
-1.48537862  
-1.614295831  
-0.3261098912  
-1.211456376  
0.5283876459  
0.1988471057  
0.6480716347  
0.6837496875  
1.175196556  
0.8710541032  
0.9921682317  
0.3530666757  
-0.6255456939  
-0.7332172655  
-1.014923397  
-1.560754458  
0.09352509441  
-0.4568677385  
-0.3011848006  
-0.5026246297  
-0.8778157547  
-1.978508255  
-0.01946442932  
-0.8541186491  
0.2745442756  
1.974649353  
0.7867755162  
0.8359416035  
-1.163787124  
-1.317880455  
-1.741493058  
0.2824242354  
1.469544173  
1.022997463  
0.9109233493  
1.405168993  
1.879400314  
0.01486139093  
-0.2444664509  
-1.296580724  
0.248076182  
-0.5876997813  
0.569241018  
0.6444982763  
0.6520829037  
0.1766431258  
-0.5268308814  
0.08046568414  
-0.04827675839  
1.098249206  
-0.2906164449  
0.7191331412  
-0.6927682079  
-0.04146734763  
0.1635171917  
-0.4594612747  
-1.465040037  
-0.1177461777  
-1.077523331  
-0.4344587333  
-1.145746621  
0.5822603423  
0.2818770504  
0.5482718269  
0.4714406031  
