0.1757283374  
0.1499959913  
0.5589461308  
0.8897428126  
-1.058850951  
1.174289741  
0.5190156287  
0.3529233353  
0.07928707679  
0.9999186099  
-0.3572229743  
0.3721584373  
-0.6296037236  
-0.9936912137  
-1.040940129  
-1.159304463  
0.1634592824  
-0.4235747162  
-1.51790791  
-0.737756607  
-0.8978740335  
0.6503453216  
0.926664125  
-0.8815884541  
-0.5342388739  
0.4381776969  
0.5808475709  
0.8239941507  
-0.4515836795  
0.1078191475  
-0.2417122419  
0.2131380477  
0.6222709661  
0.8573143618  
1.029599229  
1.637696203  
-0.2125330636  
-0.3754892013  
0.6932308548  
0.6446533642  
-0.06984194156  
-0.5429817576  
-0.3590301088  
-0.4533306994  
-0.4212525725  
-0.852234277  
-1.349408129  
-0.6781357365  
1.028786785  
1.31790092  
-0.3469641173  
-1.136678648  
1.475154115  
1.094977359  
0.6353127144  
-0.02731905377  
-1.02745538  
-0.8618713073  
-1.302810527  
-1.356429986  
0.9208043115  
0.5445600165  
0.8131512145  
0.2167866292  
-0.4579105351  
-1.268307409  
-0.2979583155  
0.314721739  
-0.7635352104  
-0.9688223517  
-0.7796747897  
-1.070408672  
-0.5559374331  
-0.9777903474  
-0.8534786424  
-0.9571690005  
-0.6444704213  
-0.1416890426  
-0.06748872247  
-0.2444739925  
-0.1555525632  
0.4819621422  
0.3817747427  
0.0676953616  
0.5045268826  
0.4854276726  
2.161818701  
2.574879279  
3.087787924  
0.356909983  
-1.056788812  
-1.305044219  
0.2587424721  
1.550952828  
1.57278617  
0.8525811718  
1.242181445  
0.4178940829  
1.078291397  
0.9149494909  
-0.2463570716  
-1.013330725  
-0.7546222427  
0.06733630828  
0.4522908528  
0.5941312426  
0.4518193325  
-0.2909161908  
0.6964708385  
1.343216917  
1.537949593  
-0.6579851417  
-2.072442283  
-1.267135122  
-0.1115481687  
-0.5809944753  
-1.401241037  
-0.2594651627  
0.7714129078  
1.16331131  
-0.5581387239  
-0.5532684021  
0.01737441223  
-0.08321283704  
-1.163118408  
-1.694392556  
-1.100984297  
0.558978746  
-1.186436542  
-1.003265661  
-0.281462093  
1.038212449  
1.589018641  
-0.6532475662  
-0.8409193604  
0.170475211  
0.7532796807  
-0.4165701496  
-1.126133064  
0.2604542661  
0.05845806889  
0.6631933949  
0.1294601501  
0.3275195371  
1.141826172  
1.520242234  
0.02645299028  
0.4888276629  
0.2453372768  
1.035678296  
-0.7644924634  
-0.03232409976  
-0.01569627765  
1.056357237  
0.006185299353  
-0.3488938253  
-2.240198363  
-1.805710904  
-1.368006611  
0.7905645553  
0.3168160631  
-0.1515665085  
-0.8616601585  
0.05238500184  
-0.1312240047  
-0.1351772136  
-0.662619825  
-1.820767425  
-1.066834301  
-0.4252707345  
-0.1824904371  
0.1289768502  
2.630820696  
1.807028489  
0.4382731414  
-1.678639535  
-0.5576616237  
0.8184871738  
0.9511961638  
0.5535670495  
0.1657253773  
-0.5804233095  
-1.156401867  
-0.4161795881  
-0.6955364793  
-1.162903565  
-0.06458597607  
-1.218059222  
-1.337422551  
-1.096245378  
-0.01329890161  
1.906016028  
2.525321943  
1.714625656  
0.6736642006  
0.2779035488  
-0.0400505745  
0.2291753671  
0.4506112976  
1.57021433  
0.5218375113  
-0.9511077547  
0.7758802249  
1.827556746  
0.3501417288  
0.1154537791  
1.302939782  
-0.6167904865  
-0.06972576526  
-1.175770925  
-0.9733559689  
-1.305366397  
-1.598648361  
-2.432028912  
-2.107846933  
-0.4958561168  
0.127439514  
1.38398236  
0.90919612  
1.295532461  
0.881828519  
1.781420983  
2.463670395  
1.900582154  
0.2097214845  
-1.448628266  
-1.636262068  
-1.451292539  
-0.9085109292  
-0.08025679231  
-0.8278911737  
0.2764236557  
0.09864751595  
0.8160319579  
0.7890657628  
-0.7155452432  
