-0.09393483933  
-0.7763386876  
-1.060825109  
-0.5585880988  
-0.3291221661  
1.917718919  
1.008661963  
-0.3492947159  
-0.7816650116  
-0.812943895  
-1.100404778  
-0.630402319  
0.5755608187  
1.548603725  
1.373754857  
0.428764848  
0.5910526928  
0.9478944402  
0.09008482947  
-0.6806446335  
-0.4721147357  
0.7332456244  
0.9877658172  
0.569747468  
0.04676316516  
0.7291830634  
-0.1408194065  
-0.9831497598  
-1.355943978  
-0.4872486857  
-1.149138152  
0.3913325065  
1.131051149  
1.180010051  
-0.004922245869  
2.504451604  
0.6092954739  
-0.3180840446  
-0.3612197251  
-0.759268552  
-1.027048431  
-1.636228569  
-0.892233582  
-0.4095334205  
0.1831735501  
-0.5697999595  
-1.238505252  
-1.651017539  
-1.011076177  
-0.3286074848  
0.6764933351  
-1.687490912  
-0.1955808439  
2.146178835  
1.237483025  
1.777553721  
1.966103992  
1.133061761  
0.6838501831  
-0.1625871546  
-0.06926388939  
-0.838523831  
-1.097652153  
-1.047151108  
-0.8577488287  
-1.667045867  
-1.281935513  
-0.2071744744  
1.304631776  
1.139180132  
1.976573591  
1.368221543  
1.263012811  
0.9687260565  
1.910303531  
1.633431326  
0.4335270716  
-0.2193239295  
-0.5966120373  
-0.4051860851  
-0.582492243  
-0.6010863019  
-1.077755338  
-0.9316907811  
0.862127205  
0.8079849401  
-0.2533923965  
-1.608729259  
-0.6116712825  
-0.09529292283  
-1.378118649  
-0.725442614  
-1.134292371  
0.4355161793  
-0.7912696549  
-1.117755673  
-1.22334638  
-1.153417992  
-1.110725399  
2.307090306  
0.6015503305  
-0.3517028137  
-0.9165085068  
-1.522594839  
0.3928697218  
2.066943327  
1.926262346  
0.8448428917  
0.3635012508  
0.2042152299  
0.03954112819  
-0.6166143649  
-0.9540042365  
-1.402811947  
-0.2856557401  
-0.5984211842  
-0.4861131876  
-1.324534874  
-1.403590941  
2.305522207  
1.983989267  
0.9503935041  
0.6507426141  
1.604972962  
1.182315065  
0.5361762346  
-1.057392177  
0.06865198063  
-0.48031073  
-0.3906092922  
-0.1750667012  
0.3514648705  
1.829691615  
2.716459721  
2.569487325  
1.353407999  
1.903117057  
1.24421799  
0.7470904907  
-0.07160146322  
-0.3563171975  
-0.228008518  
-0.915383423  
-1.012172399  
-1.283194103  
-0.7571637844  
-0.7927670332  
-0.3811810035  
-0.7026552082  
-0.09186394548  
0.587265489  
-0.1098978058  
0.109701532  
-0.5593260334  
-0.6740793166  
-0.7457971539  
-0.6010504869  
-0.5922718003  
-0.3332756302  
0.3392207542  
-0.369707462  
-0.6078631699  
-1.019975074  
-0.4930060614  
-0.4598352249  
0.3034726792  
-0.1532578753  
0.1927636529  
0.9610726451  
0.2651038268  
-0.4708210931  
-0.4932631656  
-0.3389854743  
-0.26616082  
-0.1490640423  
-0.52333451  
-0.5368195233  
-0.730580568  
-0.0009035996186  
-0.7913645144  
-0.6344678837  
-0.6191005868  
-0.2213186017  
-0.6812842125  
-1.080221539  
-0.9673859092  
-0.08804286157  
1.022611069  
0.2774838362  
-1.016396152  
-1.451049175  
-1.21896598  
0.7791678698  
2.166006606  
1.314896024  
0.920664654  
0.1335208535  
-0.1576326519  
-0.4332392051  
-0.5084566561  
0.5234623469  
1.593766962  
1.140198435  
2.011348136  
1.134758439  
0.7381616456  
0.826290893  
0.9469112568  
0.1727456784  
-0.6418748516  
-0.4899568106  
-1.162062234  
-1.177671545  
-1.8126212  
-1.721236308  
-0.674770999  
0.551810338  
1.366825902  
0.9256439658  
0.3548973829  
-0.4697588893  
-0.1669309092  
0.3284126691  
-0.397276365  
-0.9753725553  
-1.005993382  
-0.872941162  
0.2261622412  
0.6430744079  
0.6437718901  
-0.4373861192  
0.5099647339  
0.3560306791  
0.5524366497  
0.8564350698  
-0.430481632  
