0.2188083144  
0.1941103875  
0.213949615  
0.0378433366  
0.1238603635  
-0.400785373  
0.3442197444  
-0.09435316489  
-0.1718075167  
0.4497565678  
0.2694233583  
0.2905271869  
0.3839846428  
-1.004586744  
-0.7277578982  
-1.031568681  
-0.6316829641  
-0.4547422944  
-0.6969293249  
-0.9245134935  
-0.8767659438  
-0.8182535831  
-0.03626779133  
0.08665266433  
0.774098458  
1.237728509  
-0.003994896341  
0.154711825  
0.3027130403  
-0.5496206227  
0.4251634018  
0.6484668396  
0.6555833246  
1.981307036  
1.186649917  
-0.2797087324  
-0.2354600622  
-0.292225135  
1.323882849  
1.610434637  
1.213066764  
0.4906154268  
1.114570813  
1.211241253  
-0.3720306559  
-1.091466458  
-0.6766189634  
-0.6030730596  
-0.7545367468  
-0.9997143396  
0.4308133854  
0.1765563517  
0.4009396453  
0.5383372988  
-0.2510630282  
0.9619989964  
0.305920936  
-1.321888027  
0.0275911697  
-0.1121858496  
-0.195309533  
-0.2078881608  
-0.09781464219  
-1.415364245  
-1.905910953  
-1.0839662  
-0.3360976667  
-1.717812615  
-0.4948935736  
-0.09141430924  
-0.2374965385  
-0.9248545242  
0.3539559454  
0.7638054942  
2.301044702  
1.675899153  
0.5381864688  
0.4230093477  
0.2709253515  
-0.817067101  
-0.5619603738  
0.1029558556  
0.8215425004  
0.2691376895  
0.3744669586  
0.5053739807  
0.1816469936  
0.03013779298  
-0.960314663  
-1.359029667  
-0.7196532144  
-0.302596333  
0.2255167582  
-0.3167951866  
-0.3726544455  
0.2230218718  
1.429376141  
0.3716317317  
1.152250533  
-0.5152959559  
0.2413663555  
1.112776195  
1.268401677  
1.49389032  
2.453282889  
1.874643135  
1.386418657  
0.4680257066  
0.3456327155  
1.176114177  
0.3031458311  
-0.7751975898  
-1.029519414  
-0.7035181902  
-0.5834798532  
-0.8182216663  
-1.270270657  
-0.7684040346  
-1.557139009  
-1.838024382  
-1.347482827  
-0.9187884485  
0.1050555479  
-0.1894903746  
-1.112198576  
-1.272945258  
-0.7518243568  
-1.473703877  
-0.1916425374  
0.623901604  
0.1129752991  
0.7999504121  
1.437199134  
0.07656300246  
-0.6438848227  
0.3723672689  
0.2599357894  
1.134824419  
1.690633873  
1.610951772  
1.553143847  
1.488454257  
0.1253969936  
0.1909738094  
-0.5285683011  
0.5947611024  
-0.2603992807  
0.326501596  
0.7985526572  
1.98835789  
0.9009092735  
-0.6661020691  
-1.046712827  
-1.63236622  
-2.514401384  
-2.308083267  
-0.5116227615  
1.098767282  
1.186203743  
-0.8682927888  
-1.296752908  
-1.22965688  
-1.143340027  
-1.658955338  
-0.6279802225  
-1.800446279  
-2.185025328  
-1.878912927  
-1.43935482  
-0.7279813389  
-0.7718151013  
-0.06412788729  
0.2934615821  
1.516252521  
2.603023632  
2.309964985  
2.105606335  
2.23375751  
0.8644502014  
0.213651811  
-0.4912242456  
0.736176828  
0.8637864477  
-0.6234673581  
-0.5675616126  
0.09725342624  
1.258297402  
0.5087622567  
-1.975994035  
-1.50390664  
-1.326044834  
-0.666612232  
-0.694056476  
-1.450731249  
-0.6415919347  
0.6136884982  
1.363642173  
1.452361814  
3.00149617  
1.592801041  
0.8601781245  
-0.7255275106  
0.3486519142  
0.4500034707  
-0.01579401615  
-0.5566480981  
0.5768070096  
-0.6500119745  
-0.4808543309  
-0.9891060301  
-0.5224634916  
-0.2539508598  
-0.4502594108  
-0.774765724  
-0.8654823524  
-1.553522547  
-0.06247471925  
0.08796792702  
-0.4120187948  
-0.03726394206  
0.3166596372  
0.5009410723  
1.094112724  
0.9944896485  
0.7461094587  
-0.779207311  
-0.4115098689  
-0.5425930762  
0.1458226097  
-0.9595186831  
-0.07892730847  
0.4664178585  
-0.2400272372  
-0.4611901635  
0.4192068634  
1.183438633  
