-1.52132531  
-0.8217334601  
-0.8752628338  
-2.011108199  
-0.956732929  
0.7165837523  
2.161370021  
1.035854816  
0.396326956  
0.2017683502  
-0.4105462712  
-0.8099015689  
0.1893474785  
0.2425658968  
1.492948477  
1.897299669  
2.014359021  
0.5455503142  
0.4784983537  
-0.3625416974  
0.009232531865  
-0.1530516612  
0.2752297431  
0.9703313932  
1.504011297  
1.872135722  
0.2812474459  
-1.205339178  
0.04843182587  
-1.660506738  
0.08091538504  
-1.894097621  
-0.2675510871  
-1.213762366  
0.01618921004  
-0.09071703527  
-0.5265624634  
0.5205873727  
-0.04594705297  
-0.5425462679  
-1.439141731  
0.8095615495  
-0.7056621838  
-0.7180616339  
-1.043093949  
0.09025940356  
-0.03546388403  
0.5219810641  
-1.799286261  
-0.9075658679  
-1.191042212  
0.2711286864  
-2.398620648  
-0.7842222839  
1.02025843  
0.09346098672  
0.5638522643  
1.443963281  
1.214017362  
2.075247072  
0.3002786584  
0.9772279769  
-0.009827803906  
0.2370138907  
-1.104095391  
0.3504161108  
-0.9461591949  
-1.238869202  
-0.8897887977  
0.2277278183  
-0.3781415274  
1.414432147  
-0.03709488452  
1.291892467  
-0.2202219318  
1.265100515  
1.007194637  
0.550879421  
-0.8944714441  
-0.9912480384  
0.1040171744  
-0.7133084403  
-0.6192399922  
-0.5561778704  
-2.082904983  
0.4150332555  
-0.3050737347  
2.239904379  
0.3427340628  
-1.178811765  
0.6272239019  
-0.9046253157  
-1.054104424  
-0.8843434484  
-0.5476187457  
-0.2552128846  
-1.097269962  
-0.9813648142  
-0.9432494669  
-0.8646945555  
0.3222171241  
0.06393030731  
-0.653996193  
0.1091311683  
-2.406691831  
0.01167704306  
0.9018350744  
2.468693119  
1.20521683  
0.4783187051  
-0.1605440555  
0.1544065413  
-0.4169390685  
-1.640746775  
-0.5075229242  
-1.02220292  
-1.431053326  
-1.066632336  
1.09036438  
-1.015774517  
1.763391197  
1.757068981  
1.812726392  
1.026863528  
1.485182832  
2.367017341  
0.7069194907  
-0.4586085634  
-0.7287647847  
-0.5993904286  
-1.306861569  
-0.04841942122  
-0.3448150211  
1.308350118  
1.393329954  
2.229983478  
1.37387627  
0.89399036  
1.331462131  
0.2805760993  
0.3330086909  
-0.7392418409  
-0.5372014254  
-0.8882792666  
0.3689680836  
-2.060988848  
-0.319641869  
-0.9362649594  
0.8290973946  
-0.4510833958  
-1.160208953  
0.363836589  
0.0514496647  
0.4173323626  
0.1689219807  
0.7409875032  
0.3780804575  
-0.09087849287  
-0.5513272495  
-1.049463656  
0.4677034506  
0.4050225522  
1.418284808  
-0.5672441615  
1.212437716  
-0.8866085702  
0.7154661675  
-0.08637832002  
-0.3221166037  
0.1694843349  
0.8468941987  
0.6167681444  
-0.5726964523  
1.1127876  
-0.4825976446  
0.2208274854  
-0.05415173626  
-0.1422630277  
-1.295449152  
0.1850084684  
-0.3649864783  
-1.079226249  
-0.6455379066  
-0.7376515459  
0.4679080193  
0.693809382  
0.07169559784  
0.03475999942  
-0.8864560666  
0.933008567  
0.4054508497  
-1.192264774  
-1.305504842  
1.352047634  
1.682746373  
0.1921323354  
-0.01587544814  
-1.012702905  
-0.7711654305  
-1.871631681  
-0.7503379225  
-0.2828561558  
0.6434181563  
0.561515351  
0.9892462776  
1.153009378  
-0.4135527396  
1.192422218  
0.3936469877  
1.009723133  
-0.1235637022  
0.5365049933  
-0.8841422673  
-0.2052601763  
-0.8750594846  
-1.861560728  
0.02291056166  
0.08207615241  
1.699383464  
1.148973177  
0.7560954994  
-0.7401377576  
-1.936397106  
-0.8371470435  
-0.4123273458  
-0.7061767437  
-1.365498595  
-1.233412846  
0.8315829763  
-0.3040153644  
1.423188939  
0.2533549536  
0.936240788  
0.530933917  
1.316739007  
0.627799323  
