0.08634880142  
2.223461274  
-0.4557272508  
0.6377815263  
-0.7462375033  
0.4251238553  
-1.079768994  
0.3931399757  
-0.5751270291  
0.168175331  
-1.86438946  
0.955446369  
-1.201386325  
0.8110170448  
0.1959420199  
-0.4044432716  
0.7872016665  
0.7452359096  
-0.07562349579  
-1.61392927  
0.5852033454  
-2.124220146  
-0.7022853556  
-1.513068285  
0.1636526155  
-0.8026386343  
-1.20028119  
-1.193947985  
-0.7164956777  
0.3286793191  
0.8162828026  
0.4323758544  
1.157983489  
2.409116596  
2.790369016  
-0.02634028294  
0.5596941709  
1.69589017  
0.8075359806  
-0.5819418508  
0.2641481568  
2.147122712  
1.116755199  
2.321063762  
-1.287130076  
-0.6878580675  
-0.06778927707  
0.6977201214  
0.01660069071  
1.687938565  
1.307042561  
1.85515403  
-1.701773033  
-0.8553051835  
-0.5446060991  
0.6982066762  
0.8799646648  
-0.2434408884  
-0.8379439807  
0.7672204344  
-0.5545960672  
0.1612420882  
-0.4446741132  
-0.2033894104  
-0.5719442077  
0.09546806896  
-0.6643626508  
-1.186193068  
-1.17837735  
1.01182595  
0.5771174901  
1.330326772  
-0.6591143582  
-0.1813295975  
0.1835079426  
-0.5918200227  
-1.724481999  
-1.247572184  
0.1021598273  
-0.2168918509  
-1.90580493  
-0.2790414463  
0.4122472869  
-1.339414668  
-1.559735372  
-1.24088263  
-0.6187815911  
1.735674368  
2.275774168  
-1.74596329  
0.9918730476  
0.7587702767  
2.027029512  
0.7811007396  
0.06654503525  
-0.7529205654  
-0.08033689482  
1.014015865  
-0.8202460619  
-0.02420515686  
-0.5655254005  
-0.7547724787  
-0.7435666201  
-0.2501852869  
-0.7213269277  
0.2747450282  
0.5913105678  
1.040771279  
-0.06416221053  
1.913868286  
0.2969834221  
0.4530178236  
1.425715814  
1.381825133  
0.3068999263  
-0.05737133936  
-0.6051507673  
0.06683503103  
0.2204208618  
-0.5834932274  
0.673822167  
-0.4444374658  
0.6569566549  
0.6451724881  
0.7185494225  
-0.52610237  
0.05544402059  
0.2443113975  
1.14336681  
-0.8549849479  
-1.229107207  
0.0201262753  
-1.712447064  
-0.5935579068  
-1.806997037  
-0.3345143603  
-0.5043230666  
-0.8359923478  
-1.060719295  
-0.23584951  
0.4029197277  
-1.430843006  
-0.5608677478  
0.5179232921  
1.109218751  
1.478465214  
0.6098648702  
-1.63408221  
-0.8390328652  
-1.022093377  
-0.5771479288  
0.5427918393  
-0.379794104  
1.153506863  
0.9386304354  
1.357809814  
0.3427668044  
0.5084629844  
1.122678303  
-1.926351486  
-0.6569829242  
-0.6134999459  
1.992202398  
0.9448076535  
0.3965418924  
-1.163197458  
-0.515007164  
-0.2443361565  
0.301639882  
-0.1208543091  
0.04405701908  
-0.4050999544  
-0.6111539269  
0.8791433637  
-0.329749821  
-0.7149346899  
-0.7563629778  
0.4204511607  
-0.8848215526  
1.206464386  
0.2339342743  
1.061464154  
-0.3596484749  
-0.2783862599  
0.2582511153  
-0.7149407733  
0.6340046011  
0.6747336212  
-1.273210519  
-0.1235977526  
0.05367424079  
0.7032965099  
-1.011567792  
-0.5555374212  
-0.4683728268  
0.279471885  
-0.7240797969  
-0.9276500611  
0.04963734797  
-1.443771296  
0.5720543909  
-0.520010307  
0.4949970369  
-0.32459581  
1.146377718  
-0.1397529421  
1.850520351  
0.1035990008  
-1.371238405  
0.3922191545  
-0.2523159202  
-0.2402561472  
-2.031909008  
-0.03121749496  
-1.181634847  
-0.4339901364  
-0.3276920284  
0.9252887962  
2.021924123  
-0.7101527798  
0.76471227  
1.427333711  
2.64016442  
0.5959645833  
0.3701053666  
-0.7826685367  
0.9150224692  
0.9561723378  
0.8065395873  
-1.762487176  
0.1141563137  
-0.8801867492  
-0.1698094223  
-2.586423634  
-0.1392534803  
-0.3724452469  
