0.7228907533  
0.5495224218  
0.6142449311  
1.895105536  
-0.169516837  
-0.1429978251  
-0.5949478401  
-1.424840818  
-1.130741274  
0.7861406315  
-0.5432016384  
0.9113515893  
-0.9705170193  
-0.6229895908  
-2.002594867  
-1.079732745  
-0.426175868  
1.615588039  
0.5325795917  
-0.117213651  
-0.5099879228  
0.0496578991  
0.06294280636  
-1.9672847  
-1.285254792  
-0.2172587477  
0.9009403269  
0.3836938271  
-0.7083356127  
1.799221827  
0.6638102084  
0.9836640617  
0.2381268735  
0.06553807073  
0.6945518994  
0.05594111754  
-0.06212724756  
-0.5646370922  
1.725621331  
1.005244911  
0.1570583828  
-0.3064159638  
1.134249232  
2.05655073  
-0.6215183281  
-0.8751292646  
-0.7972523073  
-0.4109637771  
1.188327554  
0.299001902  
0.880471826  
0.1449876651  
1.074540946  
-0.5142306306  
0.003829702764  
0.8846177965  
-0.2913592518  
-0.1509471129  
-0.6717972167  
0.06965676297  
-0.2257579613  
-0.7682181304  
-0.3403419318  
-0.7179343602  
0.9547471208  
1.907112206  
0.6361102702  
0.4364659088  
-1.282136555  
-0.6482827653  
-0.3788842747  
-0.1982013872  
-0.1057210808  
-0.162361927  
0.1910719869  
-1.384580336  
0.1432458245  
-0.4419950961  
-0.3410744151  
-1.083203128  
-0.05709167311  
-0.4621062935  
1.596030871  
0.7063550078  
0.4063372778  
-0.8285257021  
0.6075358099  
-1.589055526  
0.8862455032  
-0.622556014  
-0.8531559577  
-1.222964781  
0.3878498955  
0.52195274  
0.9877507621  
-0.9849190064  
0.03408468545  
-0.1798166992  
0.6826721517  
-1.408909426  
0.2303699778  
-0.5825163795  
1.05567429  
-0.6674260846  
0.1705437305  
-0.3690671388  
-0.03513948263  
-1.122827019  
-1.472242125  
0.1220540857  
0.3654017755  
0.1371016869  
-0.5499477868  
1.335740953  
1.238084581  
0.8301768186  
-0.05347765331  
1.248643142  
1.991653868  
2.292957927  
0.3482977581  
0.4435211133  
0.665214243  
1.641749244  
0.4589014774  
0.1400990621  
1.591911861  
1.888190726  
-1.560404274  
0.04512093307  
-0.8549949109  
-0.3944059802  
0.9871873639  
2.733875678  
1.811814877  
1.583392967  
0.4945443647  
-0.789854826  
-2.125973869  
-0.8895074816  
-1.589977308  
-1.195891809  
-0.8748458353  
-0.8938793475  
0.04652728671  
0.7974699274  
-0.3140589377  
0.5260433723  
-0.7535025413  
0.534001433  
-1.821592234  
-0.9753435983  
-1.846183469  
-1.237192294  
-1.93636522  
0.5489451584  
-0.261674786  
0.1334794832  
-1.50664566  
-1.12827004  
-2.03234052  
-1.438911126  
-1.98469459  
-0.77781277  
-0.02420345752  
0.02943486121  
1.807160632  
1.61237495  
1.836286464  
0.002071119854  
-0.02732102419  
-1.079788916  
0.5587354244  
0.3332084109  
0.6375940229  
-0.394340873  
-0.1321811636  
0.1349483929  
-1.226752167  
-0.9663750883  
-1.15406513  
-0.2623562044  
-0.2497521002  
1.368068615  
0.1823302753  
-0.4016281327  
0.4168860288  
1.43576019  
-0.4164883097  
0.714641133  
0.479510198  
1.424765307  
0.4910061146  
0.8959121923  
0.5327422222  
1.6803066  
0.4137765561  
-0.2854940996  
-0.9449408244  
-0.7499755596  
-0.1237235142  
0.5928512541  
1.323763185  
0.3599671316  
0.9650157929  
-0.959482538  
0.5047926609  
-1.071398143  
-1.241683269  
-1.380735058  
0.402830414  
-0.8231505435  
-1.869256447  
-1.637082793  
-1.249881878  
-0.5192658229  
-0.9869941926  
0.1452106932  
-0.2751655313  
0.6075685521  
-0.3073589348  
-0.1350143648  
1.885311382  
2.068496905  
1.789624608  
0.6088152774  
2.234279917  
0.3382918106  
0.2803328635  
0.1967950095  
-1.457674405  
-0.2706683795  
-0.3687201911  
-0.5829448061  
-1.118053643  
-0.7667485359  
