-0.3123835284  
-0.1757670089  
-0.5594139293  
-1.500677017  
-0.9203437364  
-1.317085382  
-0.5919779271  
0.07415400071  
0.7047952441  
1.758294885  
-0.6648545429  
-0.4463871156  
-0.4789519415  
0.98382385  
0.4641902386  
0.6920938117  
0.3732435901  
0.1593331084  
0.3599042889  
1.478036662  
0.563104948  
1.336314574  
1.431604291  
0.4953767066  
1.476853294  
-0.7048646017  
0.5490600425  
-0.2115486711  
-1.634616493  
-0.1592127682  
-1.089051957  
-0.1121096578  
0.08930213966  
-1.009760848  
1.143761196  
-0.09175540061  
0.1661179618  
0.7845511526  
1.718776915  
-0.4954347168  
-1.113985933  
0.472063  
-0.7431792338  
1.291580725  
-0.7429363794  
-0.7247119154  
-0.06331331816  
0.3487241152  
-0.1344776123  
-0.5620233637  
0.6140392743  
0.8114921427  
-0.06097724971  
-0.6761551962  
0.2016946308  
-1.109270787  
0.8205096795  
1.447346069  
-0.1378653006  
0.9500280632  
-0.4800033865  
-0.2676141263  
0.4500480005  
-0.1522477789  
-0.7741226597  
-0.6179688641  
-1.182318435  
-0.5577579112  
0.2607526111  
0.9882526489  
-0.001423837865  
0.659120348  
0.7881369986  
-0.2724150305  
1.11776187  
0.3452961053  
0.3335431967  
-1.030845105  
0.6674377234  
1.091840187  
1.448051081  
-0.1937264516  
0.08117159715  
-0.9188270012  
0.1077122155  
-0.6833456899  
-0.1692814919  
-0.7445972697  
-0.690512459  
-1.473728575  
-0.8053828314  
-1.134011255  
-0.1024963941  
-1.168239776  
-0.9546540861  
-1.82004476  
-0.6373581971  
-1.506781531  
-0.8684326198  
-0.5105817143  
0.5171754017  
-0.8018633076  
0.5814696114  
-1.103961434  
0.04232345971  
-1.229108113  
1.624626414  
0.5744684432  
1.250121581  
1.731888864  
0.05988155967  
0.5997140953  
-0.1207531191  
2.458866895  
0.2417846596  
-0.3510463258  
-0.8068693334  
0.278017882  
-0.5302732261  
0.5339277792  
-0.01938054925  
-0.1518712262  
1.426646692  
-0.5156119458  
1.103722752  
-0.2418632931  
0.9424472121  
0.1484011115  
2.357850077  
2.294233238  
1.186326933  
1.441109954  
0.2504130682  
-0.5153119576  
-0.8617425653  
-0.02955307577  
-1.49577016  
0.4737650198  
-0.4388666098  
0.3278465762  
-0.3731630671  
0.5230272138  
-1.037682128  
-0.5553520288  
0.4448896118  
-0.6274376397  
0.3013906441  
-0.06175287073  
-1.029526437  
-1.045053481  
-1.543069087  
-0.5391713833  
-1.510520771  
0.1569093346  
-0.3059490159  
-0.1183751541  
-1.689507577  
0.2820324464  
1.555426266  
1.786305816  
-0.06174056292  
-1.088138044  
-0.3098874946  
0.7805501687  
1.533038496  
-0.6866296743  
0.3705280096  
-0.2579419222  
2.55006167  
0.9259799513  
2.264625036  
1.129354229  
1.287138376  
1.023597866  
0.826935512  
1.116475204  
-0.3109462551  
0.7935061899  
-1.109565231  
-1.316036289  
-2.480855273  
-0.914650915  
-1.719365976  
-0.4079412628  
-1.58743294  
-1.12234739  
0.4879559102  
-0.3509472535  
-0.5348221171  
-0.5133499297  
-1.992205948  
-0.8825831655  
-1.513291427  
-0.09384068423  
-1.710008696  
0.7602503541  
-0.2924079601  
-0.4316937979  
-0.4674039108  
-0.9719441336  
0.4369123755  
-0.4893850954  
0.01596582417  
-0.6080020715  
1.61575832  
0.1489794806  
2.137135414  
0.5974135674  
0.6583007496  
0.7935394411  
1.0054705  
1.486593504  
-1.465521619  
-0.4584825049  
-1.688436077  
0.173640456  
-0.8981245741  
0.4457548216  
0.06151702418  
-0.3296181891  
0.3832531075  
-0.02340227401  
1.608564744  
-1.601870375  
1.348219058  
0.02605333851  
2.162660792  
2.098065886  
1.778605174  
-0.07692931069  
0.1630126898  
-0.3209464405  
0.2129141815  
-1.765507676  
-1.731852398  
-2.304356707  
