1.811836087  
0.5471586352  
1.111119603  
-0.003990500502  
0.7963242035  
-1.261606777  
0.9482329622  
-0.4917937092  
1.040836201  
-1.061329628  
-0.1951887775  
-0.6614673889  
-0.4801219234  
-0.7907556481  
-1.359468683  
0.2367894079  
0.8714991908  
0.553757401  
-0.2938507456  
0.6180857662  
-0.2102669297  
0.7607841409  
-0.8489647491  
0.2237490434  
-0.9589975268  
-0.4758958485  
1.404005794  
0.1279247919  
-0.9067227423  
0.5495720809  
-0.8268001537  
-0.3234621797  
-1.023965357  
-0.07151477911  
0.9626255478  
-1.578806812  
-0.8639386278  
-1.360651768  
-0.6995537849  
-0.6369063098  
0.220578269  
-0.9647786412  
-6.513194049  
-0.7160194516  
1.338348866  
-0.4855272806  
-0.1859519245  
-1.190169385  
-0.464683046  
-0.6836833047  
2.006507232  
1.157216882  
1.073038255  
-0.3255430384  
0.5211497075  
0.5292469193  
1.902077361  
-0.08500967792  
1.326049334  
0.5604244741  
1.605870896  
0.1572191966  
0.9742132264  
0.2612322368  
0.8038805581  
-0.3666722345  
0.9497107269  
0.2936091456  
1.010936861  
-0.09684218305  
1.048793056  
1.555284022  
0.9683802157  
0.7100389567  
0.2888129323  
0.8576028377  
0.1972638513  
-0.3910112018  
-0.04660612157  
0.6544647325  
0.1338773106  
0.5795571795  
0.3849272783  
0.08279518898  
-0.4435687784  
-0.5129784437  
-0.290161768  
-1.696413654  
0.5360316344  
0.2600601692  
-1.726777056  
0.2540380493  
-0.7192466247  
-0.3484021646  
-0.4571534875  
-0.5976433965  
-1.371660213  
-0.6373126525  
-1.667823639  
-0.1103690279  
-1.264556608  
-0.4671266402  
-0.2603445638  
-0.4525631939  
0.6814640172  
-0.2116879006  
-0.1253910533  
-0.2177646074  
1.042843311  
-0.5655460339  
0.6040859087  
0.02387714051  
1.224705842  
-0.1690357884  
-0.5007477468  
-1.264843944  
0.3185187252  
0.3274378209  
-1.781945275  
-0.3351387259  
-0.9477980264  
0.5383683344  
-0.4021348917  
0.362628296  
-0.3907825294  
0.0708691742  
1.216267277  
-1.013118227  
0.857649014  
-0.4874394299  
1.332022586  
0.3360489831  
1.162683823  
-0.1108988958  
1.493764215  
-0.3321725013  
0.3849064671  
-0.8994913482  
-0.2760091571  
-0.8124722167  
-0.9428754777  
-0.0316880526  
-0.4477858292  
0.4475570583  
-0.08510976679  
-0.03619886586  
0.2591757047  
0.6282036457  
-0.279654667  
-0.1879909058  
1.313589701  
0.6486079579  
1.256795914  
0.6138051491  
0.8350202244  
0.5424358419  
0.2672878034  
0.5698300919  
-0.01954390659  
0.8215275576  
-0.1932582363  
1.132058355  
0.3288310466  
2.020606405  
0.1981021404  
0.3380141044  
-0.293651953  
0.1187374012  
-0.3844940459  
0.2236865472  
0.201843552  
0.2260523115  
0.4526125015  
-0.6164671827  
0.2767552656  
-0.8924231465  
0.458306935  
-0.5835318822  
1.298216387  
-0.1992396951  
0.5801478239  
0.1233685676  
0.1939725416  
-0.4697901127  
-1.823913829  
-5.921688583  
2.314733417  
-0.8806562145  
0.6889226785  
-1.253193031  
-0.06955384678  
-1.798704959  
0.4826717023  
-0.4253507194  
0.9353139578  
0.4735076251  
-0.7253148744  
0.8078106914  
-0.1822005366  
1.006558913  
-0.6756118166  
1.652379501  
0.6139180464  
0.40377846  
-0.03842292149  
1.117343912  
-0.02344958582  
0.135242344  
0.04834262828  
-1.126351757  
0.2188130706  
-1.080904957  
0.2762166999  
-0.9063020207  
0.5502301478  
-0.1423927199  
-0.8937147256  
-0.5584442001  
-1.082006384  
0.7105434745  
-0.8394063478  
0.9420017052  
-1.067621684  
-0.3638873043  
-1.127145012  
-0.4929510365  
-0.7281548723  
0.7651253412  
-0.6244175744  
0.6631499241  
-0.1241394885  
1.236567462  
0.2589800371  
1.138533092  
-0.3695808828  
1.217905988  
