1.107085362  
0.06232749667  
0.8238903925  
-0.2402428021  
0.5090593809  
0.1663719606  
-0.3715038388  
0.09348122929  
-0.1065470523  
0.3237708335  
-0.3294070896  
-1.156315474  
0.00404359079  
-0.7134053318  
-2.142562007  
-1.726886522  
-1.559267969  
1.44570378  
-0.2196373874  
-0.2851620432  
-0.2093989818  
0.9857762702  
-1.43966535  
-1.64673317  
-1.069541123  
-0.09315931497  
-0.8356009751  
1.243685327  
-0.06892843337  
-0.3377280358  
0.784155124  
0.8585879195  
0.801602798  
0.9171090987  
1.395908049  
2.307208684  
0.9792158435  
1.173994945  
1.488100664  
1.680167127  
0.9657389819  
-0.4482813743  
0.09503446356  
1.382360255  
0.8367595817  
0.8761169601  
-0.03036571391  
0.2325737694  
0.2717631708  
-1.778076575  
-0.1982819763  
0.2758077163  
0.9709548831  
-1.020876594  
-0.8157605799  
-0.6011730467  
-1.733931437  
0.09255675817  
-1.454609313  
-0.423837183  
-0.6892727253  
-0.05475878049  
-0.2535879348  
1.032631203  
-0.5748367874  
-0.8524888724  
-1.480418249  
-2.21880835  
-0.8921573118  
0.9938125762  
0.8488376239  
0.1114340992  
0.0807309678  
-0.3339803022  
0.892648819  
-0.3344299762  
0.01517165388  
-0.7730182911  
0.2760756537  
-0.2397130482  
1.057919361  
0.6800288988  
0.8945879353  
1.584714512  
0.5948839902  
0.2810479357  
-1.001959167  
1.208366619  
1.445673051  
0.5090884019  
0.2869812785  
0.3677570701  
2.051337508  
1.239446204  
-0.9228204231  
-0.6251416801  
-0.1635677909  
0.5734313419  
1.358146086  
-1.057215992  
0.2121830929  
-0.6502371941  
-1.367022582  
0.01284763681  
-0.24112652  
-0.774729341  
-1.777647352  
-0.5774338795  
0.1928967687  
-0.07191146717  
-0.1510420419  
-0.7379394908  
-0.04751765341  
1.648959905  
0.5318967014  
-0.3137227263  
-1.099513484  
0.7693366015  
0.7167334901  
-0.5761764498  
-1.235484715  
-0.5723065145  
-0.8388359048  
0.8278675373  
0.4135946651  
0.4775799321  
2.011314377  
2.884450111  
1.563701572  
0.8265209939  
-1.119195487  
0.3339518295  
0.3945429576  
-3.061042663  
-3.661958388  
-1.604493702  
0.778106083  
0.2881660437  
-0.8757520437  
-0.9091074658  
0.25445667  
0.3852963118  
-1.039879901  
-1.057510345  
1.371770036  
1.462988968  
0.366342668  
0.0341924806  
-0.5731498387  
-0.2592118329  
-0.491612982  
-0.4095290908  
-1.302057965  
0.2672664573  
-0.3259118927  
-0.8553357428  
-1.344896425  
-0.8240584062  
0.1057269619  
-0.2923480475  
-1.220912462  
-1.591069671  
-0.4446921084  
0.3634686623  
0.6877904673  
-1.231130371  
-1.07507355  
-0.6001280873  
-0.05217828435  
0.2044814302  
0.9380765222  
0.3702019402  
-0.1975647071  
-0.2298250012  
-0.1157647595  
1.31407101  
0.4985610115  
-0.1994571477  
-0.5969134495  
-0.1795554207  
-0.6031270737  
-0.4415051825  
0.7295944105  
-0.2377704061  
-0.2489434734  
0.2844504719  
0.9249673132  
3.082757848  
1.403910695  
-0.05526777702  
1.18965726  
2.021311231  
0.6441531147  
1.022571788  
0.4255294667  
1.061464467  
0.7519769139  
-0.8401346003  
-0.4180619714  
-1.549181211  
0.8843817963  
1.869582213  
1.513680024  
0.4661780596  
-1.27023048  
0.4187406592  
-0.130480452  
-0.8550995624  
-0.1997002887  
0.451725838  
-1.26970642  
-0.111738044  
-0.5913564372  
-0.6640919244  
-1.369944866  
-1.273449527  
-0.6538832019  
-0.9382074093  
-0.9908772301  
-0.3025960483  
0.08099826595  
0.8030109754  
1.561726223  
1.292537195  
0.6334498317  
0.3065865619  
0.8856901626  
0.01580711942  
0.8559137715  
-0.6987543777  
0.03884889963  
-0.8235981499  
-1.0327541  
-1.424554285  
-0.2222170482  
0.8500487989  
