-1.021008598  
-1.659781676  
-1.258486865  
0.4459550156  
2.356537348  
0.6003705532  
0.05076538108  
-1.068499187  
0.4817672058  
-0.4153942032  
-0.1417624989  
0.5492254122  
1.634007181  
-0.785844924  
0.7647968388  
-0.7621013555  
1.631741479  
-1.284425583  
-0.5689971172  
-0.822209004  
0.8855915585  
0.01036230552  
-0.8457990266  
-0.743173735  
-0.8405083974  
-0.3254601141  
1.047521525  
-0.3336186931  
1.853915614  
0.188514978  
0.7548778781  
-0.3298827914  
0.532807603  
0.2882340834  
3.619246403  
0.9696917205  
-1.510537026  
1.179798913  
-1.281466736  
-0.4169181225  
-1.360559987  
0.8335871748  
0.4951337217  
-0.4744784055  
0.2895752065  
-0.5291307521  
-1.834667953  
0.4236851863  
-0.9981500556  
-0.7540204798  
-2.109617523  
-0.5541331942  
0.7989211025  
0.8201560883  
1.600777333  
-0.4318550849  
-1.294175809  
0.058804708  
-0.2999876102  
0.715967417  
-0.2883706895  
0.3702768385  
0.452991804  
0.4499042896  
-1.260178722  
0.7294745042  
-0.1262306733  
0.4565119709  
-0.1463175676  
0.3420321721  
-0.9201761609  
0.1093341168  
1.052415798  
1.880389718  
-0.207049955  
-0.5692281907  
-0.044391727  
-0.2793321314  
0.4123765282  
0.3332588391  
0.4799485552  
0.389102599  
0.8863173458  
-0.1242563674  
-0.3021298884  
0.03263732606  
-0.5426951409  
-3.029164264  
0.2595080171  
0.2845460285  
2.467723711  
1.141056463  
1.579176176  
-0.4202387274  
1.402997962  
2.026269075  
1.553954415  
1.398989444  
0.9905711532  
-0.4863226272  
-1.027058752  
-0.1965540529  
-0.5681443732  
-0.4547859108  
-0.376785045  
-0.7733724125  
-0.9385277949  
0.4670518072  
-0.2040367216  
-0.3531608584  
-1.541901176  
-0.5428771437  
-0.9476573772  
0.3597139452  
-0.2696338544  
-1.419696185  
-0.432535535  
-0.1653447263  
0.03535126385  
-1.416275346  
-0.04066901295  
-0.8628175595  
0.4278547028  
-0.2092448497  
-1.15994305  
-1.897366546  
0.0935715114  
-0.7143478849  
1.429348414  
1.424310362  
1.56307099  
2.416333005  
0.6991883162  
-0.04704882659  
-0.08555830298  
1.90783213  
0.8452779512  
0.7190880127  
1.004305141  
0.2433601094  
1.156454643  
0.5096793515  
1.316933065  
1.265092575  
1.87851373  
-0.5208133513  
-1.500892435  
-0.3308217514  
-0.9325294041  
-0.5889185409  
-2.305602469  
-1.124251811  
-1.358115293  
-0.3951175562  
-0.5280960028  
-0.01429561149  
-0.4430594918  
-0.7478751373  
0.7605704346  
-0.08425334951  
-0.4058328502  
-1.66001444  
-1.151193099  
-1.291394837  
-0.5936568479  
-0.08845455385  
0.9481732432  
1.064544944  
0.05839838999  
-1.585312752  
-0.8956273121  
-0.8759942333  
-0.9658307287  
-0.4135402761  
0.1408014528  
1.400549834  
0.02224241715  
0.281053065  
-0.8330952339  
-0.8185885954  
-1.026251184  
0.751198758  
0.6997987741  
0.4706218375  
0.6239996718  
0.07846290782  
1.639924  
0.4572837116  
-1.618450875  
-1.304530094  
-0.4557901786  
-0.2348343673  
-0.2723721716  
-0.5254604027  
-0.1533708177  
2.178976018  
1.997934868  
-0.5619480203  
-0.2318139435  
-1.10650914  
-0.6307686074  
-1.449505866  
0.7152319229  
-0.2416840255  
-0.7515969366  
-0.5278096636  
-0.1475980418  
-0.3429312304  
0.2002141728  
1.33063272  
0.0225338805  
1.508032822  
1.104251775  
1.114159932  
0.9612250946  
0.542587996  
0.1763391213  
-0.1267032642  
0.829878892  
0.522527658  
1.123236487  
0.9480108573  
1.418064502  
0.06117798513  
-0.4952268079  
0.1778210689  
-0.299948082  
-1.803598933  
-0.7129841275  
-1.433101309  
-0.4262997964  
-0.9055915216  
-0.6814537675  
-0.4946235182  
0.2817849744  
0.1253342968  
