0.8458011175  
-1.93318386  
-0.8446157451  
-0.5689363091  
-1.37648893  
-1.31201098  
1.360542874  
0.4418831195  
0.9727212157  
0.3751359909  
-0.2321099623  
-0.03742742906  
-0.7108033349  
1.237962579  
-0.6623663355  
-0.001036498089  
-1.895207317  
1.047804482  
0.4207716139  
0.5507073914  
0.257991295  
1.687559778  
0.5802553714  
-0.7307863819  
-1.143752513  
-1.053573309  
-0.7937466126  
1.438977099  
-0.1211532067  
-0.4116509227  
0.8770150897  
1.690236693  
-0.7351182152  
0.9155245197  
1.752343948  
0.3340312036  
1.807912371  
0.570682079  
0.4476519542  
-0.9382884656  
0.05048010729  
-0.7792671033  
-0.01526931757  
0.007317963737  
0.1012261792  
-0.3321677231  
0.5815395599  
-0.4046249762  
0.5064381754  
-0.3689710971  
0.4212945245  
0.1140659979  
0.4928575233  
0.9059375233  
0.07017536425  
4.019285066  
4.342270158  
-0.7786229412  
-1.386405152  
-1.393363781  
-1.469709723  
-1.09390307  
-0.6793557455  
-0.8692818113  
-0.8321808115  
-0.1157932963  
-0.08910874914  
-0.9095083471  
-1.288019796  
-1.730911064  
-0.2458725562  
0.3757521075  
-0.809981628  
-0.4242953695  
0.5654345671  
0.2760166749  
-1.214635669  
-0.633549673  
-0.01825831336  
0.2161166056  
-0.2550825197  
-0.5734533727  
-0.3101094936  
1.073193555  
0.2105020449  
-0.144123694  
-0.5069329005  
0.2163874271  
0.7330625897  
-0.8497416423  
-1.071810855  
-1.01085411  
0.121534112  
1.771776832  
0.9347502597  
-0.8029828317  
-0.4902044543  
0.932340494  
1.535206322  
0.8397301056  
0.6222968884  
2.203866913  
2.412795551  
0.7737898457  
-0.5015474723  
-0.07642174199  
-0.1302225328  
-0.6352915466  
-0.2606272813  
0.7764770597  
0.07141189966  
-0.9422340061  
-0.7407825497  
-0.4698964078  
0.9695162128  
1.055326301  
-0.7068197345  
-0.4051363112  
1.482409968  
0.1251253839  
-1.315521973  
-0.4041956069  
0.1319112672  
1.618920005  
0.7540272413  
-1.388059578  
-1.385591018  
1.094874187  
-0.08079756527  
-1.376262782  
-1.26127182  
-0.619332967  
1.129354096  
0.2450086481  
-0.7235586913  
-0.531288285  
0.2003859538  
1.256277225  
0.5863105543  
0.9201463534  
0.2554162377  
0.9363160457  
1.202664226  
0.3350913564  
-0.9324973925  
0.7162959938  
-0.3389827173  
-0.02832884352  
0.2777848786  
0.4724078367  
0.4350475175  
0.01626362733  
-1.426028269  
0.01091940878  
0.2907541764  
-0.3903785596  
-1.191032842  
-0.4348928464  
0.007577860548  
0.8540456121  
-0.5070451998  
-0.9686453766  
-0.4987278129  
-1.386331087  
-0.9451444128  
-1.825972846  
-1.497586344  
-1.077296308  
-0.3164323528  
-1.48277046  
-1.08210295  
-1.382191412  
-0.6346739877  
0.1109853976  
-0.7821017961  
-1.609935323  
-1.383500661  
-0.08950056591  
-0.7572450395  
0.6492732235  
0.02795504046  
0.8088687538  
2.275259586  
0.9114460916  
-0.9930160761  
0.009432883943  
0.9176043183  
0.4375468234  
-0.7429645014  
-0.811515731  
-0.3137810882  
1.405122561  
0.9772000504  
-0.3327353708  
0.05574041859  
1.332438886  
0.5900060335  
0.5590331847  
0.2813268577  
0.5990881252  
0.3147748668  
0.2471820659  
1.464287341  
1.920996503  
2.08631049  
-0.05983857832  
0.380372138  
0.003565102339  
0.06795299105  
-0.4305377111  
-0.7875691469  
-0.3924342559  
-1.456925245  
-0.1420528996  
-0.4267096824  
1.165336315  
1.282397375  
1.633285488  
-0.3218713126  
-1.053261774  
-0.843469821  
0.09572948041  
1.796781448  
0.7968617976  
-0.9152806001  
-1.49564353  
0.6395644721  
0.7666924266  
-1.065384585  
-1.131098608  
-1.479434384  
-0.9446384228  
0.5473694403  
0.3909547035  
0.3255359833  
-0.6783201054  
