-1.948954482  
-0.6027316057  
-1.905998134  
0.3867861587  
0.1574908264  
-0.4797835125  
-2.366485114  
0.4503837758  
-0.7351555179  
0.3149677195  
1.000496466  
0.9829859332  
-0.007242875474  
0.8570840049  
0.6947993891  
2.209280428  
0.8947325076  
0.8236411882  
0.2289331818  
-0.919604355  
0.7550739624  
0.7550228083  
1.529208232  
1.09563241  
1.827382939  
-0.9882517072  
0.5833659401  
-1.22742793  
-1.293722599  
-0.4821825952  
0.6986350679  
0.1832438305  
1.517456163  
-0.5778782644  
0.4415875468  
0.204359425  
1.209247725  
0.6547886204  
-0.966909215  
1.281089517  
-0.6069188646  
-0.506560409  
-0.03609176714  
-0.3567321258  
-1.275028753  
-1.65550357  
-1.426262853  
-0.9149508318  
-2.37683951  
-0.7115353236  
-0.6775354969  
0.06241589481  
-0.9535934617  
-1.481660313  
-1.728796154  
-1.51925989  
0.1330603551  
0.03556414686  
-0.03885477364  
0.3644884835  
-1.83803544  
-0.9225022374  
-0.4380878753  
0.6665133364  
-1.363323541  
1.842448571  
0.8544656557  
0.5001525811  
0.4483253686  
1.273072526  
1.632618477  
1.574936399  
0.2907157738  
0.6710803144  
0.006912051754  
0.4346688363  
0.2776374761  
-0.8019507234  
-0.3294159328  
-0.1135967513  
0.8992999212  
0.7641494966  
1.420557816  
0.6610354918  
-0.096024315  
0.2630846849  
-1.632777036  
0.5599340421  
2.009423193  
1.129657503  
0.3668598266  
0.03737738909  
-0.7980820996  
-0.8617649982  
-1.20563051  
-0.9517551319  
-1.150067295  
0.284234518  
0.2482246796  
0.3402604635  
0.1607561933  
-1.258623008  
-1.238363187  
-0.3798901873  
-1.021469614  
1.08860873  
-0.09455580902  
0.2973888958  
-0.3847417255  
0.06801339801  
-0.05603828283  
0.4103179252  
-1.057833728  
-0.853904751  
0.1548911064  
1.640731835  
1.369176754  
1.026841179  
-0.469443896  
-0.9340375367  
-1.874396822  
-0.3089570634  
0.4919617664  
0.5308961705  
1.829269557  
1.14040591  
2.025122697  
-1.730524575  
-0.7092334108  
-1.558186755  
-1.183912364  
1.039156696  
-0.3574772592  
0.1523234342  
0.6974113835  
0.6857876551  
-0.5711911984  
0.6126702132  
-0.3859583902  
-2.361014695  
-0.1193524318  
0.7623633539  
2.644080505  
1.16877712  
0.7526911302  
-0.3417243593  
0.2753337966  
-0.2438799236  
0.4146227689  
-0.5394780413  
1.91962259  
1.400559404  
-0.1794093139  
1.608862589  
-0.3630880798  
-0.7708853398  
-0.8595743868  
1.199742863  
0.6466004875  
0.04389566154  
0.06507064349  
0.2654452312  
0.8331726579  
-1.373833767  
1.463681142  
0.871298458  
0.6406043939  
-0.7409406291  
-0.03904541626  
-0.719794837  
1.178906341  
-0.616367083  
-2.144895621  
-0.644077743  
-0.4578097865  
-0.8934889688  
-0.2233017572  
-1.10223434  
-1.006809247  
0.9335323007  
-0.8895514793  
-0.3217537359  
0.1071505026  
-1.182576931  
-0.9740355651  
-1.515816713  
0.5686135236  
-0.8294797858  
-0.0104998395  
-0.1265704216  
0.1582027779  
1.095355565  
-0.565818314  
1.138545375  
0.5434827945  
-0.4401481827  
-0.8901787402  
-0.4674516561  
0.3644691789  
0.2891194824  
0.09891901028  
0.2682519675  
0.3674605181  
0.8325465019  
0.3829010501  
-0.01446146092  
-1.67574632  
-0.3102326628  
1.984514027  
1.464474165  
-1.242737129  
0.6173184917  
-0.3161102966  
1.199544965  
-0.6378944813  
0.6066727696  
0.5777002652  
0.3112689146  
-0.4091241925  
-0.3708399278  
-0.1385180585  
0.1508585819  
0.9981946186  
2.564966118  
1.192220358  
-1.851368352  
-1.324044158  
-0.5638356316  
-1.103792071  
-0.9039487175  
0.3569000117  
-1.142166846  
-0.4618586622  
-0.03003063177  
0.8823122905  
0.7283923849  
