0.6813951293  
-1.810819927  
0.5109250549  
-1.204780255  
-0.7858808508  
-1.216807277  
1.152233895  
-1.233586554  
0.1299136443  
-1.376318873  
0.1263510435  
-1.142472748  
-0.7202539812  
0.4465116686  
-0.8399405283  
0.6993717773  
-1.099361407  
0.1015567329  
-0.9259914588  
1.729609402  
-1.31216169  
0.6763938345  
-0.3244534746  
1.249802692  
0.08250435536  
0.3846660815  
2.045689542  
2.940248822  
0.7064495684  
2.077926748  
0.6566885654  
1.730340309  
0.6845092628  
2.383560812  
-0.6098887878  
0.1764502364  
1.434319358  
-0.04560190353  
1.589589916  
0.06768774082  
1.336216788  
-0.1887249228  
-1.498783089  
0.3889167706  
1.376688637  
-0.335108446  
1.522586765  
0.09857316966  
2.123478741  
-0.1545143522  
1.876943354  
0.6884303597  
0.3483278802  
0.2036902713  
-0.6122634428  
0.05705205837  
-1.330861663  
-0.8752598282  
-0.01088168435  
-0.790294334  
0.5442003013  
-0.8878364267  
0.6262069759  
-0.8031791994  
0.7529869645  
-1.243027894  
0.1818435948  
-1.351203369  
0.01344912427  
-0.6444494073  
1.432624207  
-0.4356471277  
1.167944438  
-0.1725695214  
0.9876561713  
-0.1419112838  
0.6381453654  
-0.262273808  
0.4050009822  
-0.02954300388  
-0.06523618678  
-0.9996482274  
-0.07057943498  
-0.04357902027  
0.107984899  
-0.4274861759  
0.9823959247  
-2.845615044  
-1.994706682  
0.03985006302  
-0.9256662487  
1.144787548  
-0.1702198788  
-0.6402177116  
0.1188090208  
-0.2240566992  
0.4578514274  
0.08765492587  
0.8352723036  
-0.4558487752  
-0.0953316218  
-0.4753987682  
1.0037643  
0.2582959406  
1.087901466  
0.1899346934  
1.631258046  
0.4589331801  
1.737069493  
0.2577002233  
0.9258816866  
0.884115397  
0.9145153066  
1.195025322  
1.0082937  
1.955805168  
0.4753235424  
1.833879789  
0.5410318057  
1.62246497  
-0.2578837537  
1.038655172  
-0.5486968458  
-0.3450163072  
0.7715492052  
-0.75006327  
-2.282956594  
-0.5537603063  
-2.728811672  
-1.334092546  
-0.4715031191  
-1.558504844  
-0.1829340971  
-2.05165485  
-0.1111832336  
-1.523644867  
-0.8644537895  
-0.08060195664  
-1.718401347  
0.011946838  
-1.423212944  
0.8307944479  
-1.176665813  
0.7508158936  
-1.25392674  
0.4249055057  
-0.8139607719  
0.4348304308  
-0.7666430245  
0.2762483325  
-0.6103211715  
0.328081804  
-0.1825270803  
0.1585015187  
-0.03759038634  
0.4701257307  
-0.05507376702  
1.016932488  
-1.272573813  
1.072279303  
-0.6447941535  
1.640411882  
-0.7367705413  
1.294096572  
-0.5223766768  
0.8882739649  
-0.01252621382  
0.1184571838  
0.4474776591  
-0.3977160476  
0.9171245378  
-0.6508417258  
1.400304479  
-0.4942669718  
0.8549191472  
-0.9103780164  
0.7035083159  
-0.5520400653  
0.2580695949  
-0.1561409452  
0.158332933  
0.2567383829  
-0.9204527717  
0.6258627135  
-0.2639666195  
-1.831818055  
-0.3710981461  
-2.406749648  
-0.7830028068  
-1.077680502  
-0.4095003708  
-0.2100140273  
-0.5944988574  
-0.4938053878  
-0.6914942262  
0.09265122495  
-1.01378759  
1.124309642  
-1.790944656  
0.2894460991  
-2.01196207  
0.4781729749  
-1.010954791  
-0.5320050143  
0.02333747326  
-1.291371179  
0.004404375061  
-1.330762838  
0.7636260461  
-1.311549922  
0.8356866338  
-0.6363188234  
0.8144041533  
-0.4171149469  
0.4489923574  
0.5611672235  
-0.2442301372  
1.338350752  
-0.5898977372  
1.682270406  
-0.2179532396  
0.7273183875  
-0.05354611197  
0.2666620144  
0.940958711  
-0.3828841422  
0.4316300469  
8.672157788e-05  
-0.9948740218  
1.191966038  
-1.131821164  
1.112742458  
-1.200189634  
0.5432139425  
-1.062031571  
-0.649066698  
