-0.0930679101  
-0.9679392234  
-0.3516979771  
-0.1522690109  
-0.3453307956  
-1.040614266  
0.353041064  
-0.1243191434  
0.3105064613  
-0.4821765782  
-0.1964969719  
0.08202630854  
-0.6255663598  
-1.031070651  
0.932786571  
0.10563621  
0.2415687826  
-1.318635518  
2.261094811  
0.9041757693  
0.2315227999  
-0.5402462505  
1.002330511  
1.561633692  
0.6434017476  
-0.762345535  
1.113318867  
-0.05187539307  
2.416717223  
-0.7019611471  
0.8721240921  
1.597732201  
-0.352027412  
0.1349363889  
-0.1067989941  
-1.598725373  
0.1940852344  
-0.4306709003  
-1.130322768  
-0.3809846708  
-0.9172011075  
1.136326313  
-0.6133101045  
1.737771589  
-0.7054934381  
-0.003374307598  
-1.205328173  
-0.4753728852  
-0.192003157  
1.909465038  
-0.8349271664  
-0.765496597  
-0.9011026376  
-0.5090266814  
0.4495870208  
-0.4548959253  
1.101614352  
-0.1179028651  
0.9692824916  
-0.4341367985  
-1.175341908  
-0.7717707276  
-2.020720939  
-1.318187167  
1.852935518  
0.08677729324  
-0.06042668865  
-0.4056866713  
-0.3909169317  
1.111793069  
0.21616128  
2.347738835  
0.219802168  
1.807534266  
0.4924036458  
0.7538291211  
-1.718759957  
0.3743200795  
-0.606555894  
1.030449204  
-0.5870884247  
1.593102868  
1.167901189  
0.944845403  
-0.3568986537  
0.380221655  
-0.5351980913  
0.1788808518  
1.88627582  
-0.8333048666  
0.707949576  
-1.626516702  
1.636109985  
-1.037073277  
-0.1489538222  
0.5633868518  
-2.742953007  
-1.325594561  
0.4599456945  
0.5153630616  
0.3150684065  
-0.4794175213  
-2.269117261  
-0.4304929118  
0.07053552365  
0.3899368852  
-0.8306803692  
-0.04773894128  
-1.317304898  
-0.6724208389  
-1.692232625  
-1.616245475  
-1.458803114  
-0.1084987386  
0.8712196637  
-0.5194906691  
0.728421159  
-2.06013612  
0.2250668018  
0.3739037071  
2.900728378  
0.1009609172  
0.2968195894  
-0.275506365  
-0.7381407405  
0.1076020409  
1.717286298  
1.079308155  
0.7564663442  
0.7063961756  
0.49921643  
-0.6921447833  
1.305901873  
0.6968473332  
0.0003299882143  
0.461649142  
-0.4492238128  
-0.6818503397  
1.128680956  
2.068546224  
0.8847148746  
-0.3816746063  
-0.5196674081  
-0.1241948809  
-0.7741349915  
0.6529861611  
-0.3916805907  
-1.18091912  
-0.6065507794  
-0.1940532672  
-0.2147813124  
0.8856541397  
0.7803999626  
-2.205573788  
-0.5470871901  
1.468355134  
1.763284115  
-0.8117034317  
0.6177849392  
0.2151020935  
0.3097627905  
0.4027804338  
-0.6474753735  
-0.472577547  
-0.736728899  
-0.6691222357  
-1.405024359  
-0.1658442794  
-0.8593446947  
0.686120801  
-1.245633115  
0.1007429284  
1.180815854  
1.847942178  
0.6660214817  
0.7562622861  
-2.116384077  
-1.179653989  
-1.461205403  
-0.5469637691  
1.001186355  
0.1762556164  
-0.4917066456  
0.2403573915  
1.689711078  
0.003046755498  
-0.8685837049  
0.5905957931  
0.4027383922  
0.4815430721  
-0.6317753917  
0.2039051299  
1.355548691  
-1.295234302  
-1.518589299  
-1.338758381  
-0.2482075381  
-0.804880876  
0.2316498491  
0.1177564404  
0.2656424457  
-0.6654872702  
1.223497849  
-0.1101526976  
-0.5151557351  
-0.5028734398  
1.029467792  
-0.08214031983  
-1.091439097  
0.2905892638  
1.685217658  
1.839307403  
0.9208417862  
-0.9500741851  
-0.4846485492  
-1.40656005  
1.315896468  
1.037881123  
2.12941659  
-0.9911004081  
-0.07796760955  
-0.7212867806  
-0.193299043  
-0.4578718318  
0.2303841881  
0.4361019835  
-0.6913303507  
-0.3164752938  
1.670692214  
-0.9072358406  
0.424636351  
-0.969979916  
1.038544449  
0.2026848021  
-0.9515853429  
-1.186644551  
