1.999930422  
-0.5553379551  
2.167543854  
-0.9432358709  
0.4411078244  
-1.090207317  
1.925131454  
-1.017385776  
1.144484855  
-1.178163815  
0.7206168921  
-0.8346926527  
0.07516160692  
0.7178286267  
-0.578032648  
-0.05468918331  
-1.271322016  
-0.6364678382  
-1.276781946  
1.730582847  
-1.143216988  
0.7867217786  
-0.7092326936  
0.4893565414  
-1.170887685  
0.2565959731  
-1.474743834  
0.5150818752  
0.2842095746  
0.06402042379  
-0.6591147042  
0.3554739904  
-0.4376836463  
0.9606013068  
-3.023304669  
-0.9423652427  
0.1812668065  
-1.245572001  
-0.7564127193  
-1.598957815  
-0.2131395008  
-2.138047346  
-0.8443591744  
-1.670158696  
0.6042752449  
-1.067602726  
-0.5156017414  
-2.447354368  
-1.011278763  
-0.9785412612  
1.085610967  
-0.005152509403  
1.095250839  
0.8650450896  
-0.3810895561  
1.301412313  
1.111119259  
0.2660206947  
1.216958302  
0.2303878732  
1.432180506  
0.4154991777  
1.486970604  
0.7490148925  
2.532303295  
-0.4792382983  
1.371007011  
0.4058620217  
1.777995483  
-0.06121596792  
1.48876955  
-0.01401597795  
1.318437229  
0.8234226787  
1.274709259  
0.9634400756  
1.008631826  
0.4825739771  
-0.1463198151  
0.3799383134  
-0.009223437868  
-0.7778484084  
-0.8326095371  
-0.8070493517  
-0.8964402175  
-0.372765708  
-0.248581925  
2.946901127  
-0.7519495303  
1.048680775  
-0.6855242658  
1.575764889  
-0.09706374819  
0.5143542947  
0.3569913407  
0.3380452236  
-0.5215237255  
0.3605571413  
-0.9921987809  
-0.1113947893  
-1.089148562  
-0.2265942062  
-0.3102311962  
-0.6805081078  
0.5753915966  
-0.2215676252  
0.6198504652  
-0.5611725263  
1.216276078  
-1.093864659  
0.5708561569  
-0.6916035329  
0.1532040995  
-0.9508349386  
0.5889896597  
0.4214657355  
0.4675547619  
0.3732142387  
-0.5029397691  
1.597058215  
-0.3316096804  
0.8007416248  
-1.516335105  
0.7424510966  
0.4357942029  
-0.0686787554  
-0.6594088292  
0.7200079441  
-0.1273094073  
-0.1502989067  
0.9456832121  
-1.014131306  
0.9779471089  
-0.3364057233  
1.580799409  
-1.11486091  
-0.2876337461  
-0.07627773608  
-1.011516592  
-0.2991966672  
-1.026582336  
1.170612154  
-0.5647091387  
0.547838083  
-1.00601578  
0.3402865745  
-0.7055204223  
0.313005268  
-1.150110568  
-0.5351600637  
-0.192760376  
0.06588992637  
-0.05015628753  
-0.7925187914  
0.4197294829  
-0.4895777783  
0.1593214045  
0.6163626035  
-0.5938885407  
1.273447119  
-0.4021715949  
1.183859869  
-1.010733655  
0.838493801  
-0.3140986136  
1.579020078  
-1.354276663  
0.1316885225  
-0.06136748712  
0.6524854737  
0.9214538316  
-0.308766585  
1.008146213  
-0.6378943349  
1.489681785  
-0.470219776  
0.9354882602  
-0.7836205703  
0.4172496161  
-0.809534841  
0.2605720688  
-0.3148966716  
-0.05384481107  
0.8341651408  
-0.8408767601  
0.4164082661  
1.067952754  
-2.570457534  
-0.1759337843  
-1.838834393  
-0.9426999836  
-2.118352253  
0.9643421648  
-0.3533230004  
0.1940507183  
0.1506804197  
-0.5052115786  
1.554220781  
-1.195322035  
0.5259745615  
-1.566511185  
1.373308203  
-1.318945381  
0.9074243941  
0.1788800333  
-0.2194280857  
0.2169640358  
-0.2755782358  
1.354098738  
-1.208417949  
1.382214161  
-1.449919728  
1.095684364  
-1.837669731  
0.2181040791  
-0.7835342738  
-0.4311813265  
0.7909681119  
-1.116461192  
1.436588178  
-1.314264364  
1.049040048  
-0.5324948072  
1.430386521  
1.162962435  
0.5914182409  
0.5424188363  
-0.2403517077  
-1.081184707  
1.263789768  
-1.250960456  
1.110004846  
-1.385781698  
0.8234065942  
-1.826408403  
-0.3854651877  
