1.086170649  
-0.2219611899  
0.3297857593  
-0.4484564854  
-0.7086488937  
-1.456117855  
-0.967308789  
0.4973730638  
1.0550788  
0.8472253654  
0.9259655982  
1.839651812  
0.6588068554  
1.826670152  
0.1571366404  
0.5349847071  
-0.07420577732  
-0.6822163102  
-0.3785755567  
-0.9803449517  
-1.215639518  
-0.7830258574  
-2.090560143  
-0.7892618549  
-0.2598655005  
-1.278315516  
-1.669298568  
-0.2785830816  
-1.233221672  
0.02949381267  
-1.122848967  
-0.7519769245  
-0.2818108873  
1.647472313  
0.6364908641  
-0.7467353677  
-0.2264769718  
-0.187908495  
0.57831507  
0.7122334595  
1.40883816  
0.5629147821  
0.7628615109  
1.244350843  
-0.2310115691  
-0.5743139601  
-0.5017393043  
-1.1757806  
0.8331459665  
1.927920912  
2.524411656  
0.7850707688  
-0.8141374493  
-0.4120868258  
0.1571629137  
2.668348526  
0.9286829753  
0.07180956773  
0.7497049133  
-0.6190390513  
-0.8374237276  
-1.228801978  
-0.3040038301  
0.1224986052  
-0.6729127459  
-1.373641809  
-0.419076075  
0.1312946914  
0.3126132099  
-0.2208451782  
0.3359275495  
0.2007541387  
1.393932054  
0.5779629185  
0.07947216454  
-0.9169959635  
-1.900570919  
-1.470243594  
-0.5756627625  
-0.5190273025  
0.8110153978  
0.5315195263  
-0.04205557233  
-0.5430792308  
-0.5850237682  
-0.3912129999  
1.035388311  
-0.299287817  
0.2840345694  
-1.311647221  
-0.2603024646  
0.9519914991  
0.7723258843  
0.3439676202  
-0.08703658184  
-0.679671574  
-0.3139388904  
0.2431862212  
-0.1120996871  
-0.9243738217  
-0.07140096365  
1.191439737  
0.1560858613  
-0.3838118271  
-0.2049188818  
-0.5201239601  
-0.1779728407  
-0.2360818596  
0.203825556  
0.07928754073  
-0.7481451227  
0.08738904489  
0.6134270902  
1.134464675  
0.3596539191  
-0.1354736136  
-0.01829756622  
1.21400684  
0.202534545  
-0.6752696493  
0.5685627599  
2.130620013  
1.09556949  
-0.068486496  
-0.9990497074  
-0.037402378  
-0.2695697206  
-0.07196308552  
-0.8874543335  
-1.303753354  
-1.802700845  
-0.9573553525  
0.5525084523  
0.07036350706  
-1.022602681  
0.3693840625  
0.930606987  
1.753890516  
1.922144261  
2.434046816  
2.685696328  
2.959985563  
2.499894438  
1.941042373  
0.04901346589  
0.6019371112  
-1.074265257  
-1.546556072  
-1.280194598  
-0.6881830809  
-0.7632939564  
-0.9476803658  
-1.317819497  
-0.6874098479  
-1.100582196  
0.466435069  
-0.3356814174  
-1.251519452  
-1.308047609  
-1.584362977  
-1.651714278  
-1.729862709  
-0.08798484221  
0.4860757643  
-0.693014697  
-1.446400902  
-1.357959829  
-0.02321565765  
1.581665558  
-0.2802264861  
-0.6474754994  
-0.7833344587  
-0.7415289773  
-0.7250364259  
0.9053970047  
1.108328295  
0.9116278445  
0.5626124013  
-1.372280397  
-1.08063462  
-0.890058319  
1.660479637  
1.821992967  
0.7849940817  
0.9241625626  
1.571282245  
2.427019011  
0.624167066  
-1.389103451  
-0.7832002557  
-1.212992458  
0.3756687332  
0.9178918401  
0.01119825307  
-0.6715301187  
0.02401451184  
-1.104308436  
0.5046782065  
-0.01405976398  
0.1037682463  
1.316719353  
0.8897062657  
0.1489256752  
-0.7280198675  
-0.072478652  
0.2524009515  
1.860568785  
-0.192852123  
-0.7755266326  
0.5167794422  
-0.00282379747  
-0.7224501961  
-1.03722852  
-0.877250734  
-1.24390238  
-0.5947003076  
-0.8033245277  
-0.1603492882  
1.021155454  
1.348987728  
1.112704367  
1.395042359  
1.076368564  
-0.1286442031  
0.3642511658  
-0.1241659885  
0.3021664745  
-0.07619458224  
0.09733333663  
-1.103774427  
-1.142319929  
-0.3227443026  
-0.5143596481  
-1.006548759  
-0.2148023133  
0.7583107862  
