1.532841342  
-1.287199675  
2.029166747  
-1.771429282  
0.3192856191  
-1.6479542  
1.624391395  
-0.9567605135  
0.9297773614  
-1.182360867  
1.30686711  
-1.356322429  
1.509586414  
2.036033575  
-0.8965424793  
-0.1297453457  
0.2868337563  
0.2404539066  
-1.20084577  
1.035698391  
-1.407279419  
0.380199147  
-1.210684223  
0.549148895  
-1.380098167  
2.031442802  
-0.4406954041  
0.05426030183  
-1.371540314  
-0.1757519509  
-2.141155431  
-0.6382113993  
-0.4784685399  
1.361157792  
-0.2759710417  
-0.6614212906  
0.6928874742  
0.3730314473  
1.016835483  
-0.09197718972  
0.1404281562  
0.6452616207  
0.6348506227  
-0.8772220148  
0.7174913461  
-0.4603540913  
1.690110439  
0.8557863874  
0.7288761745  
-2.265139532  
-0.6549554462  
0.6274469689  
0.05534809206  
1.440542931  
1.005731212  
0.2574678263  
0.4421825173  
-1.458510284  
0.4418496281  
-0.8565879858  
0.5913632386  
-1.006269875  
0.145469033  
-1.315515101  
0.9390283939  
-1.119829097  
0.5554935524  
-1.927629719  
0.2629239354  
-0.2921002938  
0.848717979  
-1.083526577  
-0.2784136281  
-0.01786342335  
-1.143790465  
-0.7680188334  
-0.5083508649  
-0.2996183159  
-0.3656460708  
0.3178789247  
-0.5953200976  
0.1396455585  
0.01619377598  
-0.07355167941  
-0.8124357863  
-0.05183165994  
0.9663819254  
1.516318926  
-0.5634274321  
0.8524654424  
-1.259263549  
1.099149098  
-0.2184140059  
0.6542101248  
-0.303148376  
0.6597854252  
-0.3858893169  
0.9067969695  
-0.1613944982  
0.3425243934  
-0.813259225  
0.1187761782  
0.5848705972  
-0.1990250065  
-0.09010796318  
0.6257309051  
-0.2423307295  
-1.571434649  
0.5002590604  
-1.252687732  
0.1945347119  
-1.527344516  
0.6163300725  
-0.3685480545  
-0.3466271999  
-0.8336177549  
-0.7545528798  
0.619334541  
-0.4928390662  
2.148297546  
-1.720770536  
0.384908901  
-0.1824604152  
0.5377636442  
0.4961199177  
2.452074178  
-0.2761830486  
0.5399413479  
-0.06596306419  
-0.6973648648  
0.8904851086  
0.01945071428  
1.308179108  
-1.300888162  
0.7153696979  
-0.5282288012  
-0.004285777945  
0.295644826  
0.3440282  
0.3446145004  
-1.07306385  
1.312490506  
-0.08820026327  
1.481457034  
0.4889791293  
0.2997910224  
0.5374359718  
-0.8423443548  
-0.1039606602  
-0.2034790578  
0.5904078939  
-0.673009749  
0.1561100753  
-1.247932513  
0.6048704235  
-0.8939564421  
0.6548242337  
1.125577639  
-1.476781714  
0.4023226727  
-1.618341431  
1.014751758  
-1.030872116  
1.409375168  
-1.113739408  
0.9778639456  
-1.222382679  
0.5429516325  
-0.07375879056  
0.03439847076  
-0.2725881434  
-1.054658973  
1.223188178  
-1.188506366  
0.8801351935  
-1.027236553  
1.082899701  
-0.8637239459  
1.006885028  
-0.5326981449  
1.476359751  
0.6432425751  
0.5939433199  
1.202660843  
0.3414143723  
-0.986420631  
2.094629027  
-0.8652644792  
0.3528000426  
-0.9779015462  
1.182481432  
-0.8557605989  
0.9919860635  
-1.710312258  
-0.2786283372  
0.6498420058  
-0.691102204  
1.484608988  
-0.3273448172  
0.3069559336  
-1.387751292  
1.157496057  
-0.5284083602  
-0.336665978  
-1.025919223  
0.1595737564  
0.1352160288  
-0.9958120024  
0.656881074  
-1.732573111  
1.10043047  
-1.691697294  
1.598871043  
-1.95470525  
0.2017289602  
-0.9621932672  
-0.203349085  
1.86475761  
-1.844196239  
1.607938343  
-0.7218782835  
1.807457747  
-0.1453807269  
1.643105869  
-0.2258377765  
0.4683150625  
-0.406190821  
0.4240070091  
-1.781763823  
0.7584327668  
-1.795048534  
1.860481808  
-1.07649215  
1.4661414  
-0.5341822326  
0.1361595001  
