1.215492471  
1.950464765  
1.410781954  
0.2591495069  
-1.318671016  
-0.000375520004  
0.4686187048  
1.189515742  
-0.5831823384  
0.05897823608  
-0.323400487  
-0.04069115353  
0.1962447478  
1.296114774  
-1.643287031  
-1.480284883  
-1.082436879  
-0.8650502641  
-1.080448906  
-0.7110538031  
-0.5645147081  
0.7600516067  
0.6319681007  
-0.3658840833  
0.4750626183  
0.2806219602  
-0.9459170407  
-0.4059908478  
-1.1420224  
-0.5771605255  
-0.447630391  
0.1890862209  
0.1115409504  
-0.1672560394  
-0.7039677184  
-0.2144095347  
0.2254412715  
-0.6567710483  
1.076866286  
-0.1327098181  
-1.083446726  
-0.9454072334  
0.324105279  
1.00184134  
-0.9592175801  
-0.8375425019  
1.057475635  
1.392082996  
2.593305396  
1.879259162  
1.994335591  
1.443632474  
0.4577509338  
-1.513096734  
-1.67424881  
-0.4494253248  
-0.2918697808  
-0.5783049666  
-1.862297358  
-0.4939642061  
-0.5647701188  
-0.9850322405  
-0.08368667861  
0.1350228937  
0.1179948204  
0.861713807  
0.8352531847  
0.8502228272  
0.3788582437  
0.7604530114  
0.00996142977  
-0.8811171647  
-2.080911138  
-0.4670406296  
2.129906058  
1.535102301  
1.677052866  
0.831970744  
1.091561878  
0.3775896921  
0.03732461813  
-0.2169420842  
1.015721754  
-0.7393327638  
-1.032498595  
-1.101946067  
-0.2271842633  
-0.1804638022  
0.2174079333  
-1.781723143  
-1.036510344  
-1.043584477  
-0.2952814588  
-0.7182683779  
-0.9983469192  
-0.5239007638  
0.358665134  
0.6256338245  
1.643647261  
0.9688630745  
0.8471778723  
-0.8913832312  
0.1743734942  
-0.1610754062  
-0.5074421213  
-0.6571286559  
0.1261547287  
-0.1777857676  
0.8942882932  
2.077882284  
1.62940088  
1.022562122  
-0.337090092  
-0.004545469672  
0.6584144474  
1.030285843  
-0.4137678802  
-0.1833565693  
0.7470972649  
1.174967878  
-1.145002679  
-0.6534250045  
0.1857019681  
0.1298369136  
0.032719605  
0.8412890121  
0.3237935886  
0.8845888341  
-0.9148467408  
-0.7602636939  
-1.536163622  
-0.6972405111  
0.6098553782  
0.8373018792  
-0.5969745065  
-1.114225904  
-1.276460396  
-1.529267655  
-2.151207175  
-1.371386488  
-1.224038962  
-1.614479699  
-0.7545022757  
-1.237567554  
-0.8846012583  
0.5072054667  
1.23419096  
0.7092306872  
0.957311177  
2.494840695  
1.96141838  
2.318429842  
1.024092008  
1.047739332  
-0.3704825823  
1.063334935  
1.664333118  
3.372185704  
2.338846764  
0.5130345533  
-1.063751264  
-0.5086807152  
-0.579744982  
-0.1121355532  
1.116194169  
-0.07831283762  
-0.4229309274  
-0.165976168  
0.2585614235  
-0.9291041399  
-0.8840645096  
-1.53406099  
-0.6222310512  
-1.008254262  
-1.560117176  
-1.608180369  
-0.2019914048  
0.2832695306  
-0.1548843484  
1.767140032  
0.8927296335  
0.5163757938  
-1.855931157  
0.1918408935  
0.1393555226  
-1.269121572  
-0.8143293249  
-1.184171266  
-0.9285157831  
0.03662499465  
-0.1647767819  
0.6462927058  
-0.3314999655  
-0.1745911517  
-0.4443509758  
-0.172212267  
-1.262867909  
-0.7725116827  
-1.052678045  
-0.8836175517  
0.2511908046  
0.8720394063  
1.808335749  
0.4483626052  
-0.858422223  
-0.6479703245  
0.8614948109  
0.04812922084  
0.31135838  
0.4026014859  
0.8145846724  
0.9830058908  
0.7759197811  
0.8987986181  
-0.1394724005  
-0.2058237844  
-1.339550218  
-0.2296687546  
-0.1000596383  
-0.08304695151  
1.379706336  
1.535032428  
0.9944654657  
0.3349927039  
0.1321438555  
-1.523909064  
-0.7000947472  
-0.1744559136  
0.3980779551  
-0.2869791539  
-0.3623509621  
0.08300223026  
0.007370599918  
-0.4466283663  
-0.2892439963  
-0.6231364695  
