0
5.67696 
5.18888 
6.45813 
5.77157 
6.5557 
6.48315 
5.96214 
5.22831 
5.66217 
5.35613 
5.58952 
5.91178 
5.23782 
5.54549 
5.8128 
7.00983 
5.34046 
5.2434 
5.88114 
5.82075 
5.63566 
6.09548 
5.54326 
5.42456 
5.51714 
6.08635 
7.38499 
6.77404 
5.09356 
5.90491 
5.08085 
5.07491 
5.27013 
5.73228 
4.8821 
5.94811 
5.64723 
5.73722 
5.7051 
6.16168 
5.30679 
5.82235 
5.40967 
6.72196 
6.24844 
5.11401 
5.42354 
6.92143 
5.16634 
5.74675 
5.39035 
5.73745 
5.66046 
5.65407 
6.69645 
6.46061 
6.81593 
5.51635 
5.41807 
5.5621 
5.17676 
4.92691 
5.50242 
5.96785 
5.51284 
5.26706 
5.18902 
5.62972 
5.36205 
4.96733 
5.4164 
6.08286 
5.37391 
5.98386 
5.10878 
5.30128 
5.48954 
5.22568 
5.20956 
5.95325 
5.67831 
5.49117 
5.48758 
5.273 
5.2464 
5.95054 
5.38803 
5.77812 
9.20193 
6.40291 
5.45438 
6.55705 
5.46879 
6.65513 
5.28198 
4.73018 
5.26178 
6.96003 
5.5105 
5.82889 
5.59995 
5.96352 
5.38037 
5.29249 
5.77901 
4.92714 
5.28407 
5.51303 
6.09559 
6.44786 
5.36717 
5.66439 
6.75956 
5.18037 
6.0383 
5.65388 
6.07066 
5.56699 
5.64341 
5.84527 
5.45793 
5.27334 
5.46703 
5.83789 
5.63598 
5.03573 
5.96235 
6.88298 
5.93894 
5.41693 
6.41539 
5.82375 
7.22378 
5.25866 
5.82524 
5.90995 
6.02502 
4.83805 
5.39918 
5.92604 
6.05075 
5.73271 
5.12959 
5.27228 
5.33141 
6.90725 
5.23118 
5.50795 
5.51216 
6.08759 
5.32463 
5.16871 
6.17835 
6.2235 
5.6304 
5.75878 
5.82399 
6.64815 
6.63609 
5.59973 
4.81457 
5.04662 
5.86123 
5.92919 
6.10212 
5.17474 
5.15609 
5.58345 
6.18429 
5.24019 
5.36726 
6.10403 
4.97751 
5.96102 
5.40753 
5.90415 
5.18223 
6.22179 
6.0094 
5.75225 
6.79873 
5.84976 
5.73758 
5.38038 
5.09764 
5.58251 
7.56337 
5.84527 
5.88099 
6.0715 
6.78485 
6.51052 
5.9133 
5.00218 
5.80644 
5.33892 
5.3402 
5.07678 
5.43723 
5.47881 
5.54054 
5.8347 
5.11713 
6.26384 
5.13028 
6.79372 
5.7954 
5.52103 
5.41945 
6.15802 
5.54542 
5.7256 
5.20283 
5.02586 
6.01908 
5.65775 
5.27483 
5.80318 
4.92842 
5.6677 
4.77361 
5.95094 
6.13031 
5.7982 
6.07966 
5.698 
5.35332 
5.24232 
5.29855 
5.15871 
5.31515 
5.01893 
4.63275 
6.01464 
5.43165 
