0
0.0143184 
0.0187424 
0.0106784 
0.0255529 
0.0215371 
0.0168622 
0.0276872 
0.0254623 
0.0253234 
0.010141 
0.0144227 
0.0265596 
0.0202525 
0.0143644 
0.0137634 
0.00620723 
0.0123506 
0.0157713 
0.00100328 
0.0268885 
0.0198614 
0.00844405 
0.00734334 
0.0149379 
0.0215369 
0.0181373 
0.0199823 
0.0126734 
0.0129961 
0.0144512 
0.0173932 
0.0150826 
0.0232163 
0.0202994 
0.000475569 
0.00437829 
0.0203221 
0.0256526 
0.0123943 
0.0166064 
0.0158781 
0.00869495 
0.0207168 
0.0212275 
0.0148379 
0.00993357 
0.0209125 
0.0226634 
0.0126537 
0.0167224 
0.0253664 
0.0128886 
0.0215901 
0.02105 
0.00711158 
0.0125184 
0.0151792 
0.0190512 
0.0134414 
0.014239 
0.0132225 
0.00822465 
0.00769363 
0.00272177 
0.0153094 
0.0153094 
0.00241611 
0.00111256 
0.0169427 
0.0195591 
0.00973001 
0.00358263 
0 
0 
0.0111549 
0.00288045 
0.0222712 
0.0141245 
0.0215011 
0.0125667 
0.0316717 
0.0234224 
0.0204169 
0.0182468 
0.0309469 
0.0329106 
0.0473417 
0.0167998 
0.0145434 
0.019448 
0.0167302 
0.0119642 
0.0245011 
0.00313991 
0.0166055 
0.0224509 
0.00116348 
0.0104685 
0.0128566 
0.0250146 
0.0130928 
0.00682201 
0.0162177 
0.0213813 
0.0192868 
0.00533528 
0.016715 
0.0199181 
0.00759245 
0.0098784 
0.00750274 
0.0170705 
0.0216926 
0.00755061 
0.00755061 
0.0262212 
0.0362212 
0.01 
0 
0.0165722 
0.0165722 
0.0126912 
0.00805982 
0.0102075 
0.00940055 
0.0206191 
0.0198042 
0.00868877 
0.0064765 
0.0104319 
0.0106296 
0.00365443 
0 
0 
0.00794386 
0.0122745 
0.0176515 
0.00291986 
0.0166746 
0.016804 
0.0230775 
0.00947369 
0.0071467 
0.0149895 
0.00485953 
0.0148702 
0.0144244 
0.0056425 
0.00610228 
0.0242377 
0.0103349 
0.00425139 
0.0089926 
0.0262765 
0.0260222 
0.0210554 
0.0108005 
0 
0 
0.0022486 
0.0022486 
0.0154096 
0.0145594 
0.00596045 
0.0109061 
0.00454959 
0.0208194 
0.0227429 
0.0166257 
0.0105642 
0.0247013 
0.0304557 
0.00925789 
0.0195178 
0.0195178 
0 
0.00536385 
0.0138672 
0.0210566 
0.00964569 
0.0102902 
0.0267571 
0.00618069 
0.0110261 
0.0257362 
0.0242296 
0.039105 
0.019956 
0.0173113 
0.0329334 
0.0141202 
0.0112305 
0.00894722 
0.0190702 
0.0231926 
0.0221561 
0.0275097 
0.024861 
0.0134264 
0.00870767 
0.016264 
0.0197429 
0.00287343 
0.02445 
0.0297338 
0.0206177 
0.0165423 
0.00699295 
0.0184705 
0.0169056 
0.00394366 
0.0127126 
0.00524873 
0.00694974 
0.015316 
0.0247996 
0.0261817 
0.0130262 
0.0111444 
0.00396461 
0.0169096 
0.0391084 
0.0261894 
0.00580406 
0.0189541 
0.0395814 
0.0160165 
0.00673093 
0.021603 
0.0200092 
0.032427 
0.0139138 
0.0150929 
0.0176514 
0.0243706 
