17.36786867  
87.27813273  
195.7160583  
1937.832936  
1722.481666  
3099.839524  
1630.018586  
687.4845061  
1012.46503  
158.4851166  
568.2953741  
292.4714303  
517.8053877  
1050.899552  
510.122781  
321.965256  
546.5604697  
419.7642964  
258.0876191  
659.1119268  
1284.557057  
72.20233237  
341.2324564  
14.41286222  
1119.635039  
544.2103073  
220.3276948  
607.39773  
233.3933538  
250.588832  
201.0549261  
160.6811728  
316.6521278  
157.75289  
66.51031504  
8.971584922  
276.6475857  
175.1039306  
407.0615054  
15.78338424  
515.4057195  
1.415810986  
172.7389566  
496.5171986  
259.8393183  
104.4881286  
63.80362672  
5.83741216  
6.336654288  
3.257843974  
10.45095682  
147.685799  
234.2517952  
167.4891422  
293.23918  
20.67482159  
16.8739648  
101.468664  
86.28995122  
52.74125236  
139.1545763  
130.6465697  
7.939219447  
91.88754097  
111.1486802  
47.8691528  
8.367213813  
11.37498501  
103.4806619  
62.13020478  
39.39333761  
19.52373768  
47.88527938  
14.99466494  
56.22206959  
33.34896406  
5.387059621  
124.650842  
4.684000633  
3.218292381  
6.440666772  
8.973998751  
9.608035735  
84.95370899  
2.192230155  
93.85648792  
54.62267239  
20.11993063  
29.52165436  
46.73157068  
103.2826883  
0.9569998743  
21.97297324  
0.4476042655  
42.35663586  
2.46990861  
14.5029064  
5.313186595  
99.85913941  
42.23702504  
57.52721043  
2.942197595  
16.76582171  
68.50128181  
11.12850708  
39.78308775  
82.01104813  
8.436331841  
37.51059722  
159.2330447  
46.81797391  
16.04206917  
71.51617012  
129.0935847  
52.14045127  
192.1899794  
47.75242833  
15.68867558  
