110.1464664  
19.36183677  
358.2718059  
260.6569571  
1259.139784  
167.6286847  
408.1474422  
51.23154328  
25.73517451  
37.25825342  
54.92482038  
63.81583996  
69.37827549  
78.04420055  
33.14102598  
553.576754  
80.79706553  
160.2642625  
84.81049708  
6.264309685  
18.61758178  
192.6830649  
404.031197  
67.76893982  
41.58412197  
137.4907176  
78.06418715  
14.82695529  
164.6829786  
6.207682095  
196.2470797  
281.362072  
183.7979838  
31.17432569  
6.053445735  
336.4457205  
108.2173366  
88.31923702  
29.2676561  
145.0270497  
78.94221156  
258.9472884  
107.526583  
146.4143154  
24.83806677  
3.484314344  
63.23211374  
62.41540422  
0.00788317997  
60.84032226  
92.18138372  
387.5803017  
14.05019984  
26.45497493  
57.81733216  
50.4904084  
3.9819428  
17.49737023  
48.41228417  
24.01724054  
52.07053674  
114.5646094  
21.19602391  
348.8087141  
13.17099649  
18.44899325  
7.531658692  
176.891318  
0.6028813773  
41.78325168  
33.30015073  
150.2839687  
98.32563605  
492.4853746  
93.9558954  
127.2085851  
13.78993541  
307.6734716  
0.4074504373  
56.83423727  
72.87377339  
196.5870265  
1.697963513  
16.02969389  
72.81835372  
18.49220174  
271.4936312  
19.6134675  
113.6455108  
180.7556694  
53.09326245  
98.23170444  
136.8357105  
107.3617368  
145.2035431  
82.07822897  
84.21450251  
4.6924824  
172.3083971  
159.5468282  
421.4095619  
49.02476058  
215.859547  
735.2784316  
452.0477861  
1018.073983  
1635.711199  
103.264832  
1184.56055  
2099.479035  
1035.342638  
692.2677352  
575.7009881  
2624.818537  
788.5478783  
1335.952516  
431.894812  
420.5231168  
