180.7176759  
375.8642369  
100.6236171  
2361.297129  
1540.530751  
383.4429659  
2274.642652  
755.3320926  
178.3683903  
575.5462935  
1345.498021  
515.4742382  
80.25854414  
1967.574215  
2231.476811  
698.0525441  
1085.974096  
41.66408549  
537.3735187  
274.2772384  
430.5868238  
173.9582762  
529.1493325  
207.7630168  
130.7663183  
197.1832451  
178.0018064  
97.29934421  
67.46189189  
246.6550614  
714.3935258  
266.7796462  
119.8359517  
107.0139487  
475.3256778  
126.1018333  
1129.024292  
497.3922158  
11.86780297  
144.1335841  
100.451645  
12.98018577  
101.9453484  
483.4291438  
263.0342769  
95.38778946  
69.36455483  
21.60842274  
20.04471458  
23.89499099  
243.1314984  
68.98493545  
265.894079  
317.2401918  
44.57745096  
231.3846359  
329.4930627  
18.1610625  
25.57074909  
112.4409711  
102.5941353  
59.52642551  
45.29318467  
13.1253575  
13.89356092  
77.55872074  
6.350628957  
17.22923492  
9.193868522  
17.11676722  
26.92684157  
6.531788541  
67.3847968  
1.737610372  
7.515068819  
40.48390126  
14.66527797  
17.07821875  
22.1367047  
24.85961821  
0.4252190777  
87.79587611  
24.38941655  
81.00490705  
29.42713751  
28.15181599  
49.54507497  
0.3773453095  
26.62213094  
3.106073506  
28.06095862  
20.51682796  
24.10306847  
23.63725617  
71.34204114  
17.40885073  
14.98085646  
7.890342637  
24.05852359  
31.78319676  
25.24959729  
6.603164844  
2.265148621  
5.835954088  
14.84279092  
19.59424648  
5.658570966  
2.445070825  
3.690214738  
15.8759191  
38.81531362  
16.48766924  
18.71335799  
101.5084013  
2.20557853  
7.857075414  
16.76146257  
72.11882712  
