0.03030360138  
270.5462002  
1278.748878  
972.2804747  
5924.988853  
198.4216152  
117.6522315  
145.3440131  
142.4469803  
398.9984455  
459.1316603  
344.6995091  
145.4853356  
182.3763384  
1146.786326  
80.47667822  
104.1729121  
58.27103612  
200.6675521  
16.1145833  
29.64851506  
188.8138094  
49.74862531  
270.2313383  
39.07366335  
79.77586231  
298.5886533  
423.2810771  
21.79176225  
215.3478831  
228.8368345  
58.09905608  
373.018581  
78.69739315  
13.9651475  
254.3318069  
60.35699182  
297.2835697  
48.88755843  
192.8891125  
4.795722786  
92.37838007  
744.7059457  
127.7998337  
139.057391  
492.3775796  
224.0894862  
717.6965696  
14.09838005  
251.1668108  
928.2370178  
497.1165351  
1427.472484  
657.6435022  
39.98303312  
682.2110533  
2.771571788  
22.21072597  
87.68168961  
61.78516583  
252.8331847  
2.321520077  
31.16790603  
5.196736454  
38.59962784  
51.50184745  
177.0582522  
129.7943697  
8.756782885  
0.397671234  
7.327613795  
124.5651285  
29.20789891  
38.07903856  
4.409141242  
176.1939419  
9.568601625  
78.41864609  
50.94812374  
97.27276847  
7.086130668  
55.51226009  
48.29053789  
28.05107001  
12.70172246  
86.15178786  
47.43483681  
4.538377489  
28.31730479  
5.260988536  
60.29241657  
2.328104597  
52.45478315  
126.395852  
9.195607907  
4.384269306  
14.38519007  
51.73018937  
21.73120647  
166.0353342  
49.46347803  
40.08161453  
61.00682384  
10.68921488  
267.767907  
167.1742813  
279.7130926  
97.11944228  
201.9707306  
388.383634  
421.6792703  
103.4776153  
99.9619985  
495.3343334  
152.5210787  
69.08151682  
21.54170771  
63.09888606  
