95.08056756  
58.06154713  
183.9799922  
2823.119189  
2858.786551  
4715.68533  
579.5394644  
1270.498017  
683.5432623  
464.8719615  
1097.896805  
808.4866732  
746.2961311  
939.1007786  
1055.622134  
77.0590001  
189.7146197  
220.5728417  
372.8627313  
213.1207068  
423.5789177  
195.8377216  
440.6651866  
84.23265077  
556.8878708  
96.30495108  
90.48548248  
7.848831474  
52.72371585  
200.2222012  
81.75678425  
387.8484134  
360.2130614  
68.89186622  
46.70651243  
18.7837376  
53.04185509  
247.8438933  
129.2415334  
84.69463877  
231.575585  
24.71525117  
28.03882562  
164.5308173  
8.927116043  
23.65642411  
128.3994157  
278.2676032  
1.640811042  
0.5814650414  
101.1172948  
244.3990372  
135.0102161  
123.4366967  
82.02373353  
82.25496738  
44.55682502  
72.30286979  
23.89710788  
138.9499746  
134.1443321  
54.61043473  
35.97932591  
17.11498692  
25.41428746  
0.9365066105  
21.80701192  
39.22394945  
30.4135722  
11.4818252  
39.03456328  
73.03027855  
10.600224  
16.89977461  
43.80421386  
90.71244378  
50.31328827  
86.38235172  
7.035685478  
2.878810505  
3.335621224  
41.14121441  
35.06153052  
32.19263547  
13.13392189  
3.349124035  
25.11738397  
29.28006464  
4.614197009  
0.4920772391  
4.257103905  
72.78803231  
70.95780105  
19.00063511  
58.10361026  
7.972539893  
7.535440736  
16.83260395  
33.47616663  
38.00362448  
16.98920678  
8.361413907  
24.75690007  
36.26437516  
110.9755085  
93.95863905  
146.5444362  
31.37874867  
72.37170623  
305.7142738  
97.56745386  
76.53372105  
107.4751057  
89.08073373  
56.41888642  
104.9083173  
19.76782071  
4.958781365  
