34.94150499  
208.0238557  
162.2512347  
384.3215435  
2412.805177  
2023.575565  
50.51392595  
2100.766812  
301.1655602  
434.2907109  
525.7783283  
726.8163671  
420.62349  
1197.415786  
1532.240163  
80.36107993  
344.287812  
143.8478817  
62.78197177  
435.0711245  
196.4719747  
670.7168983  
96.94896819  
256.7775597  
2430.048103  
152.820516  
189.0360908  
396.6068783  
254.6088602  
521.3423058  
100.1013841  
366.15315  
178.1950193  
885.1216443  
100.6233641  
2.661824187  
606.542524  
84.32862314  
160.1155791  
171.2338048  
35.17102883  
305.7128042  
122.3248384  
370.1083945  
225.9659  
81.94371149  
182.416261  
201.4247443  
52.96165384  
155.3163603  
257.5563147  
22.53633347  
436.672003  
371.6903455  
134.9648755  
268.6217367  
136.2057817  
7.648387887  
306.0102918  
6.325760104  
233.7513596  
63.2204337  
75.46937446  
19.2338729  
58.36993599  
73.57757757  
26.7938919  
27.52270503  
42.53285769  
21.31125172  
136.948638  
3.848691968  
19.77189055  
232.139364  
35.12516026  
26.70969006  
10.43696205  
25.59813694  
10.71104172  
52.93485442  
33.80581475  
19.26891533  
66.08418979  
26.4494135  
18.96615945  
11.83742733  
7.670438294  
5.862654989  
2.981410048  
31.75715514  
0.6767218455  
63.36941883  
59.7033651  
79.69410048  
57.74858853  
13.98869122  
87.46255547  
0.9599260188  
9.039923518  
1.939003133  
99.35617873  
14.55352837  
6.643761561  
111.869459  
12.32234558  
75.71721849  
27.67330526  
0.06631155656  
42.49337451  
63.89564615  
12.98957955  
46.68820853  
43.85538402  
81.58379559  
45.53436843  
127.9783801  
29.9874048  
15.21138627  
