79.11541905  
197.2428205  
694.9997409  
474.8829639  
784.3241389  
21.4653134  
53.17031951  
381.168853  
105.8634888  
2386.949857  
27.96850133  
839.2542084  
1093.419492  
1478.702754  
681.349797  
841.5527497  
470.2096283  
726.0071312  
12.54809911  
516.8190751  
234.2805599  
192.338208  
555.9789979  
637.4200058  
1230.269724  
5.173651831  
60.41316447  
168.1258225  
393.2109227  
632.4350117  
67.78196927  
163.1842052  
433.6005961  
368.3543955  
149.907791  
52.63567444  
69.6728394  
356.1760199  
68.30691823  
52.17159134  
195.8248653  
43.01225835  
125.371414  
140.8547465  
43.9790234  
49.36518835  
15.3562686  
375.6629614  
258.549217  
24.18804437  
18.06214311  
83.81123405  
215.7556787  
6.491036882  
6.131084169  
151.3326632  
64.12412884  
46.49885246  
133.5382688  
44.35926988  
140.6593728  
17.5382618  
50.06563151  
12.51252181  
82.77480227  
7.965794098  
75.27867018  
53.84950617  
8.637608148  
75.03779928  
159.7433842  
38.5289084  
115.685545  
9.230648622  
34.64673609  
455.2564037  
16.43581091  
67.13641514  
42.74303367  
17.58590611  
116.4506028  
11.88370451  
98.15066806  
6.317120525  
47.53726679  
99.12980246  
215.530988  
21.28244653  
17.26704791  
12.04273189  
2.375541224  
296.4420687  
32.87099771  
115.6168086  
35.52584693  
84.33564573  
16.63511809  
33.06121196  
42.75305534  
140.4216348  
35.76689406  
184.28926  
82.18804768  
145.1614619  
282.5785395  
347.180408  
505.252663  
74.20122765  
226.0296954  
594.2948494  
712.1826227  
195.53427  
464.7119125  
595.5799396  
172.0129288  
360.2800938  
16.39716883  
17.38836127  
