13.54611317  
21.56517159  
148.5590774  
145.5502651  
771.7788222  
109.0485947  
56.10532212  
168.2414642  
769.5611686  
476.332795  
553.8470423  
119.5853128  
1537.305816  
922.8874873  
400.6479257  
1193.243339  
359.7284433  
210.924037  
247.538325  
548.9759868  
267.2340197  
203.1582338  
135.8241032  
817.6495736  
271.9407784  
0.2028320199  
280.3237974  
486.1327138  
240.3220545  
172.5992583  
239.6843005  
102.8006792  
927.4435945  
368.9927278  
47.46301839  
234.9354003  
396.1528596  
240.4220004  
102.7644928  
33.71209152  
44.78068449  
25.51756969  
683.0696816  
55.18475334  
247.3525249  
314.021082  
515.1090104  
659.6072181  
92.38596178  
112.2641917  
417.0728821  
674.3910953  
1493.013328  
498.2642587  
69.67417108  
282.9218373  
257.6733946  
325.5035112  
309.4595158  
87.41272953  
335.7081156  
83.96268016  
10.47325194  
188.4207914  
7.972597994  
113.7414541  
77.61587103  
11.86263575  
168.99283  
34.58359033  
204.9410394  
89.77352117  
194.1051927  
188.057166  
4.416573883  
322.9569647  
93.97590522  
78.67968546  
9.21260905  
190.8110207  
84.97650286  
283.8576953  
24.08447384  
37.05727579  
4.083833285  
145.3915844  
47.17296629  
11.09431364  
65.71577265  
61.07635463  
84.35450777  
113.7253201  
79.76406253  
0.2618851025  
113.7662741  
45.90830988  
23.86206123  
126.8697526  
84.14954339  
103.7594563  
25.47006801  
14.07230937  
25.39119841  
20.56856148  
324.8133112  
14.6719741  
287.7657561  
36.52199664  
134.7901517  
289.7266297  
341.7799134  
9.920462563  
16.50199386  
340.5331954  
130.6492936  
86.77334897  
95.25870468  
148.3704958  
