21.50686954  
19.79086745  
1010.379039  
453.5075945  
3665.054596  
131.3119388  
2722.093423  
61.03075013  
1048.440716  
714.0810241  
674.0442963  
509.7849322  
1379.723166  
364.521941  
1236.791432  
30.61111533  
1499.527361  
20.41759479  
71.07221461  
19.06647939  
55.10363391  
497.4426858  
542.9267711  
55.80503526  
561.4389017  
196.6801895  
876.2409098  
98.37868275  
160.5409849  
89.93444625  
37.4913474  
130.0643486  
205.4970248  
402.8785014  
108.933458  
32.66228144  
1048.622874  
1.242306751  
6.226235126  
262.5955177  
235.4049643  
35.55778693  
118.7312545  
196.3074753  
103.9910637  
207.0675392  
31.03261158  
717.3868663  
7.589343267  
95.04738693  
458.8885149  
242.8840923  
775.137308  
132.5866295  
11.24481373  
121.5610759  
171.6161002  
6.467220814  
52.2861334  
48.084919  
60.99141164  
112.0914408  
2.437566775  
131.6367531  
10.40144212  
49.97541997  
25.54327254  
165.0642159  
124.8763118  
14.98075834  
32.73595397  
9.314408216  
1.202218904  
132.5790427  
88.14836543  
109.4675257  
118.4858046  
14.00408299  
7.732731017  
71.78504684  
20.81067395  
2.625642115  
1.592905028  
10.60493204  
25.63714919  
77.37103906  
15.74774937  
53.48878604  
100.3359264  
14.95782304  
5.682973621  
8.978804646  
1.470712831  
15.95373168  
8.098009695  
33.50709816  
20.52350625  
86.0527365  
42.58526945  
15.3817824  
65.83987669  
31.7525035  
84.28156583  
83.57143552  
34.56262763  
69.716265  
79.94071159  
4.429092513  
60.16588239  
8.820865573  
143.483622  
55.43955288  
162.643793  
133.6181296  
16.32230593  
22.43536463  
4.647623564  
62.26233822  
