10.92327536  
47.33833897  
61.75023892  
25.95543227  
43.90532586  
2.091823053  
37.46523917  
85.77390262  
97.55408277  
340.8583592  
473.2048594  
373.4649156  
1346.971411  
708.5462681  
123.9880767  
585.2908726  
264.2487204  
151.5290988  
334.485219  
412.4087744  
10.64913768  
120.1413702  
506.171897  
342.507433  
590.951502  
174.9669544  
21.40698132  
1092.638881  
179.5900128  
680.0241537  
256.5904364  
33.02785845  
506.8541287  
453.3556509  
146.5370851  
163.1659143  
577.0580621  
150.5589326  
502.7730299  
38.76678066  
329.6212777  
340.8585048  
334.3456523  
128.2054321  
32.38692815  
159.3892151  
394.6919919  
461.7046231  
181.8383111  
43.98391263  
142.2715769  
383.6434617  
587.9662473  
129.8064337  
19.13609427  
52.92249788  
300.0287606  
240.3425034  
484.436154  
160.8709367  
156.9205984  
233.0166004  
112.5599478  
77.24363478  
250.6719317  
12.4818815  
338.5414937  
87.78757944  
76.7179314  
67.30800637  
189.3469493  
48.83077297  
339.8476498  
117.0347387  
110.3047463  
91.19084754  
105.5312138  
152.3309518  
219.6190172  
134.0032879  
30.2093198  
153.453155  
49.53086664  
38.94954393  
94.96703531  
90.11904035  
298.3725889  
8.015030462  
4.738579783  
225.5383676  
30.49714764  
92.89428837  
52.8083844  
145.7896221  
197.8834992  
165.7146446  
136.3819397  
194.2258357  
217.143413  
288.3733779  
2.199639675  
211.3932971  
0.7051003982  
148.2837102  
63.14484382  
270.9214041  
175.725171  
168.1809039  
432.2718409  
716.8326989  
445.3184347  
398.5403372  
310.0046972  
385.0203686  
195.910805  
563.1266858  
496.0164267  
651.1344439  
