151.2794158  
216.0289253  
162.4584156  
2346.166163  
87.67498972  
696.5318574  
345.9072072  
467.7183254  
572.7996004  
1087.947142  
173.8678309  
361.9767742  
136.3492135  
862.238785  
693.2647992  
1080.132963  
2041.871236  
120.2160849  
975.4873052  
479.1487007  
669.4192831  
127.3756519  
1070.460761  
415.5981703  
900.1582879  
84.25382064  
30.02089601  
374.1046192  
163.7885643  
197.7995219  
559.7159484  
95.62051232  
170.8930156  
213.1402211  
29.93064569  
469.7879281  
297.9122302  
295.9917461  
613.4358071  
255.7417371  
22.83682017  
217.481611  
756.5732927  
286.4441761  
242.1411494  
576.3389741  
462.8838325  
26.35759682  
55.48321621  
25.05886191  
415.4902567  
309.3980907  
240.5455697  
350.1294619  
22.31525625  
31.53259791  
168.8065005  
75.73169158  
90.72814662  
208.4640385  
170.2456521  
47.52874044  
54.54464352  
41.61337602  
25.72185451  
87.4474515  
198.785098  
45.07743614  
129.7013968  
281.3686142  
40.31864263  
11.13176985  
63.45668099  
35.95582056  
45.71936404  
9.042001777  
21.14225833  
1.588967603  
1.018077258  
36.08914133  
145.5650555  
14.87033129  
56.51857014  
242.1930031  
25.50647357  
105.6612145  
42.92142917  
18.38204757  
34.58873511  
15.20194271  
10.14893102  
101.8850015  
1.451487509  
24.90330572  
53.08481744  
0.1892631269  
1.386748698  
2.39348169  
30.39277384  
10.94191174  
21.10917947  
34.13109791  
36.7756374  
47.56509441  
63.48673334  
57.30885903  
115.7234592  
43.52111089  
6.023974891  
40.48385465  
51.77323881  
78.62269046  
65.48464566  
8.695359995  
16.40921258  
53.33901995  
6.398930706  
37.01628697  
