77.88382191  
297.5704822  
778.5189148  
211.387576  
11288.11147  
2141.314664  
307.7360527  
106.0857557  
845.2054643  
307.3227224  
529.9420261  
118.8136107  
872.5554561  
11.92803197  
76.67912622  
1686.335408  
1275.561624  
129.8623878  
19.58589712  
102.6108477  
347.6744654  
55.07634433  
193.9153404  
682.6538721  
317.1253964  
18.2966886  
41.12841321  
85.83991192  
252.2368112  
248.6687712  
1.025970319  
214.7758679  
70.95852589  
112.2383858  
77.29104591  
52.09326025  
260.6491257  
237.5197714  
213.6267189  
74.99414519  
85.62704369  
13.04846011  
191.8381008  
58.58713149  
64.31047862  
167.9560806  
45.20719168  
278.1495569  
56.94239774  
18.92378723  
259.0954319  
278.96506  
137.1316052  
190.0893239  
61.74879526  
63.7887508  
13.67248717  
1.189403352  
56.47808717  
37.07301896  
9.095052939  
4.097792827  
3.33651504  
11.02631509  
10.64860649  
26.5751955  
67.4830524  
40.98475688  
11.818604  
9.494130309  
21.80829586  
17.25527198  
4.744643493  
0.2760296658  
13.02232193  
105.5476918  
5.992330153  
11.46255898  
0.8660898724  
49.28847472  
3.464592461  
34.30469524  
8.457254047  
23.74595829  
0.03394711869  
11.78629145  
4.962269332  
10.97723036  
4.545585048  
2.74886111  
5.358776078  
4.821689148  
29.52082341  
45.77342069  
0.9278691413  
0.4786066627  
21.69266928  
11.26900348  
4.90904977  
13.84176503  
9.171173992  
3.484392437  
8.573878762  
8.509707994  
29.19595611  
10.63479009  
32.4477934  
3.074549713  
6.975896587  
11.7779525  
30.64077135  
28.38934478  
6.874834355  
10.3238443  
27.55596322  
4.468328992  
2.998352844  
7.672025163  
