38.70037429  
237.0830013  
169.2934172  
28.41769496  
71.01803635  
15.54063971  
494.1899523  
218.2956544  
513.9289277  
896.1020783  
1248.971929  
843.0272186  
204.4895486  
538.2546483  
1079.929396  
2847.818583  
318.3543488  
1692.209738  
704.6753142  
1388.410271  
449.8046379  
1677.791528  
300.0991864  
446.8285821  
546.2316914  
96.59353171  
880.9444233  
405.4145692  
161.3023385  
224.2562132  
81.36261837  
56.9103033  
138.1175933  
573.2973056  
562.4583037  
76.07565668  
528.8029953  
919.8321233  
532.1509049  
149.8783038  
90.62440658  
22.06603395  
5.603968978  
1002.259022  
30.08663222  
484.3251457  
43.52632561  
20.22907816  
19.53867192  
114.1604498  
28.76991406  
3.122174737  
415.0326551  
449.983061  
368.2457551  
153.955157  
292.050921  
116.3177576  
22.80808168  
142.8476566  
28.47993874  
119.7093213  
220.1426192  
35.42859743  
206.8291698  
19.15124714  
21.1301179  
20.82343019  
22.86997797  
12.96255763  
47.34223151  
22.13896809  
11.85741876  
0.6106881295  
14.11422983  
1.368577925  
13.55320893  
21.05861865  
28.72975145  
12.99559594  
17.9083935  
32.68808526  
6.495840245  
21.46796655  
31.9664715  
57.6714599  
9.551704799  
3.539668835  
65.47008222  
22.54771229  
14.87698349  
1.168473803  
30.15044334  
39.9476527  
1.09372749  
2.962918829  
42.06851496  
2.662635355  
10.06569655  
18.35608632  
40.75612111  
1.78511543  
0.4243551003  
15.87649879  
8.865657835  
13.09000512  
9.046398379  
20.56305191  
2.749520165  
9.129024266  
4.971146539  
13.6696096  
38.68434218  
18.11214661  
7.3609083  
21.88166047  
0.6671480372  
11.98810939  
