49.09475779  
126.740847  
1147.693278  
545.2992942  
2600.215008  
1455.541405  
65.17713134  
31.93751793  
67.69460219  
61.36772835  
3964.486053  
413.9962919  
215.6707279  
1199.519406  
17.55481659  
54.14855222  
171.1605494  
131.4729736  
326.5642136  
5.022401466  
86.6267001  
358.2864258  
22.24815801  
414.4847775  
1078.359676  
230.4818967  
10.42460736  
142.6579709  
280.1866921  
36.88431104  
247.783005  
245.3141862  
415.8650362  
22.16231025  
129.2862791  
132.7935352  
457.4208729  
48.25679325  
78.68511303  
493.6484332  
84.15965567  
90.42647997  
61.94440563  
41.43665449  
546.6261714  
77.34702078  
197.5873456  
1317.421941  
124.6862181  
296.9567053  
220.8052703  
373.4479133  
982.306551  
117.644308  
175.9025682  
760.1677174  
125.203601  
199.2153141  
232.1855657  
30.80627162  
451.8985115  
38.40764466  
119.3644658  
230.5164764  
19.67920089  
10.54521982  
229.2260516  
125.4548925  
82.51332704  
100.1884539  
56.00051979  
197.1533978  
21.43388244  
97.72765832  
68.24212925  
190.3469142  
108.3994137  
24.57122993  
131.6909867  
35.01088166  
42.78559836  
57.46061333  
95.12075552  
108.0053972  
17.12597152  
21.14956837  
18.07501209  
118.5926871  
63.16665347  
5.83393484  
31.43390402  
34.99031454  
13.39148054  
31.35000943  
48.21227782  
47.18284824  
27.6003913  
22.80473464  
21.34655734  
31.77644793  
75.19503784  
5.960826669  
3.743372382  
54.70955699  
64.11578635  
37.36239135  
59.09681884  
160.4377162  
4.937381496  
3.445642334  
167.8176315  
3.969615159  
24.24951933  
4.998742778  
21.21461924  
155.2414573  
12.20104114  
74.06882914  
