68.74214879  
232.1650925  
128.0055509  
168.8348969  
2041.299434  
254.3674334  
247.4514554  
1092.683081  
426.5555106  
172.5750317  
230.1234725  
724.2652515  
0.5481317974  
1661.592923  
323.5908598  
43.25164902  
42.03164309  
216.7423344  
785.6502246  
376.1361029  
126.7970205  
3.527277974  
365.9740232  
47.1278046  
31.87481  
464.9626397  
208.0822266  
33.72854997  
19.58499616  
1135.585021  
315.313259  
404.9128152  
158.0726143  
60.22456394  
453.1091013  
313.4536281  
394.625105  
497.5818875  
59.44691519  
83.55160435  
336.6847515  
108.0753623  
284.8017261  
176.2199806  
8.729088421  
29.89725369  
49.74956608  
159.2836533  
273.9287302  
178.662647  
334.5600841  
489.9664592  
356.7580062  
78.76631589  
39.6566205  
721.8678003  
5.524676573  
53.5615455  
4.135281863  
329.9751884  
110.2710595  
89.86725281  
52.6880793  
82.45162632  
5.425838703  
31.86127921  
95.2360707  
272.9450618  
42.55341826  
113.7023778  
147.759404  
44.86458997  
182.2004914  
353.8996286  
25.19330401  
10.78075945  
107.913331  
59.55622727  
103.6324422  
255.9008491  
18.67950193  
47.36589509  
21.79586078  
331.0959963  
61.49380563  
138.6906106  
100.3216576  
38.74581499  
0.4910314608  
134.44358  
73.78478738  
25.61913705  
30.43152037  
97.74880603  
103.9927794  
35.09978  
222.5921132  
76.77988792  
138.9691882  
528.4803233  
41.82725288  
414.7815969  
30.43370697  
93.46281384  
151.364319  
230.232066  
329.3212556  
39.47572044  
474.8900498  
779.0857754  
319.9911989  
59.1842203  
219.4493941  
793.198085  
102.4191213  
513.4105159  
193.4027224  
187.5843752  
