38.67433738  
95.39702544  
365.741045  
1223.287162  
114.6917153  
195.0292357  
237.1114924  
248.2875983  
314.9372118  
6.88005213  
140.3662958  
200.3134652  
28.93900911  
290.5737045  
50.64658812  
186.1211902  
48.61609582  
321.0012675  
403.3607609  
20.14319113  
260.6605425  
55.85112628  
74.32098191  
81.79491362  
518.247057  
19.84959307  
131.6164178  
477.7374976  
47.53248372  
397.7254264  
17.01417431  
81.63464162  
345.1315754  
24.74103577  
71.70876512  
114.216509  
36.76245957  
64.13312984  
40.26956366  
200.2719834  
21.96588266  
2.333767218  
236.7350679  
60.90216658  
341.2122701  
6.927428598  
195.7616523  
400.5701535  
31.43735265  
222.3222458  
275.0403085  
90.82530074  
419.2981121  
496.3794321  
11.88604139  
33.23871488  
152.2427808  
6.706382749  
204.1829543  
0.6955948905  
56.38754616  
63.1579104  
70.96712619  
13.08442089  
20.8585443  
9.18174813  
40.20891996  
86.56482693  
25.94634243  
2.904800309  
46.42320756  
61.82613031  
204.940599  
72.26200144  
24.39250738  
268.0775297  
54.43911726  
27.07131007  
100.0476832  
69.4499226  
58.21945032  
48.06155149  
5.459418223  
257.9155272  
3.97323466  
35.63112178  
521.0095661  
97.71131755  
58.62551785  
112.9681381  
144.7863921  
84.27724137  
0.1558440684  
50.37511053  
647.8173685  
23.88141825  
150.7613679  
206.0493296  
216.5864231  
437.2927496  
148.9852986  
72.00857416  
96.71630152  
457.6065221  
124.7244518  
642.6403062  
2225.156727  
154.6209317  
811.4377358  
1514.670287  
710.3849999  
456.8750441  
879.0196008  
1207.997787  
766.8384981  
1689.337131  
404.8657676  
168.7236447  
