107.2354535  
91.29836017  
329.3271641  
251.4182519  
1803.049187  
552.3709814  
315.7939085  
657.6924937  
271.6632109  
728.0776517  
493.2487256  
202.0986416  
833.940762  
987.1839057  
256.5154859  
254.9273288  
151.3157748  
311.5107527  
133.478986  
449.1984563  
116.200784  
15.22419479  
70.27384596  
49.23480934  
138.8663521  
148.4382572  
87.02401557  
3.504308587  
49.33416089  
180.4836415  
8.084877606  
46.55528534  
84.6565547  
81.57091338  
585.8009114  
74.27222982  
156.0871941  
220.0078384  
206.2507377  
834.3520621  
124.0842399  
125.1992176  
210.196052  
72.97734599  
17.24182493  
271.8182895  
72.76988072  
177.8726019  
32.15638096  
198.2352079  
369.3495604  
107.2993556  
403.5563251  
43.1408223  
93.05832874  
103.2952858  
88.68794657  
221.7334824  
200.4780208  
54.25207695  
6.588270714  
78.11500766  
232.5860492  
28.42215677  
102.5805206  
41.51343971  
129.8261432  
132.212139  
120.3666826  
45.66285286  
80.98450595  
68.11692176  
25.40392569  
82.88650325  
123.1303451  
46.49387124  
222.6810536  
286.7902618  
15.87181168  
69.89349762  
534.4517253  
50.04159892  
49.98444333  
16.81909707  
120.955941  
54.1183565  
62.28839015  
16.31627074  
11.97088531  
126.7535783  
68.72916576  
119.7679668  
86.11865604  
312.9974525  
70.96519019  
70.62374281  
126.6758984  
264.9524369  
225.8424647  
20.65560526  
0.1295673979  
77.94112814  
199.5814799  
451.2981427  
1100.076022  
655.6456543  
600.818282  
60.00092546  
984.3496726  
694.2714144  
711.6840966  
188.3387182  
184.0451574  
1237.572577  
170.0938199  
599.20008  
73.79512184  
130.0652236  
