33.28428731  
71.10670972  
420.2247379  
1127.728708  
3478.615093  
1172.443896  
1735.946819  
768.4972526  
2508.006401  
105.3253074  
1301.777397  
30.53175324  
1730.62239  
99.80724056  
162.9392798  
466.1010092  
1083.626828  
222.6366468  
90.34409815  
166.4786694  
183.773611  
337.3595347  
558.2157186  
13.7443205  
340.2740345  
285.8637894  
453.8598718  
324.6685247  
116.7582889  
359.8329748  
99.2414904  
107.5019981  
101.8306647  
320.7701197  
36.17649621  
151.6057907  
189.3213881  
79.32480276  
114.7658613  
807.172467  
160.5882036  
130.6377302  
324.1295838  
2.617090567  
54.58388689  
152.4995174  
344.4099372  
193.8073767  
41.95589982  
184.3181513  
36.35505805  
593.4123835  
108.8252519  
41.20729921  
107.2703605  
225.7874909  
26.48017551  
354.8798434  
11.36962148  
22.62429085  
10.80488456  
16.09218015  
52.99797806  
146.2392838  
49.91885541  
1.244621647  
7.904351637  
4.367610193  
104.4047958  
31.43220296  
65.34074112  
22.84434566  
86.06262869  
98.8281275  
72.72839658  
11.06183211  
29.54488742  
8.694587563  
71.38470886  
38.34217646  
1.294228052  
1.630926713  
3.541024095  
8.473456227  
24.14354683  
31.10427982  
52.38093143  
32.45528402  
11.00831857  
47.00069699  
17.21983078  
38.25453343  
6.018614171  
28.00737669  
3.577049025  
0.1065025763  
33.96061988  
2.779854794  
22.20526616  
11.01637322  
85.16193304  
33.45360662  
24.84148031  
3.374119597  
48.21391034  
130.5965718  
199.5451426  
10.06866899  
84.60187558  
219.20111  
113.7137276  
94.70004296  
44.79257252  
229.3847082  
71.28797783  
117.9088083  
34.93948276  
3.861853763  
