368.8260847  
434.6627749  
1001.46293  
328.1339159  
1038.285109  
500.0343536  
324.6627943  
150.9519693  
446.8912533  
252.8994431  
559.9936904  
337.8789355  
691.8446936  
286.8458606  
55.8350822  
121.5440515  
17.22172881  
257.0162309  
93.25228165  
81.20747378  
643.7897827  
159.5724187  
322.031654  
542.303492  
386.8423897  
340.5536026  
422.6720505  
166.9075004  
126.9208539  
719.6507457  
17.41089145  
9.109340557  
26.1651942  
79.29939378  
147.5888938  
263.3647515  
419.9133414  
92.92005726  
84.62422978  
97.43637746  
255.3465323  
51.80324008  
7.76321283  
163.7174376  
105.9477125  
10.93672378  
1.378835034  
28.31659861  
0.7790295116  
29.06933085  
19.15095271  
6.801533026  
114.6417986  
52.53231248  
102.1195209  
11.77727629  
81.79470225  
35.31181808  
81.2010806  
1.349920328  
5.281232184  
100.4564011  
1.23549616  
50.37850633  
351.3166319  
99.37423117  
218.6164247  
144.3309152  
99.35158477  
3.589341369  
100.6062986  
136.3274334  
72.30480449  
103.9986577  
24.33407783  
32.47994498  
11.61152427  
10.15965914  
5.383210339  
37.73368239  
120.0747792  
11.31809739  
26.1522097  
48.90422379  
115.4941777  
10.78538991  
24.66955619  
26.89657922  
91.93522206  
83.19619853  
162.5622748  
207.4338072  
296.8485505  
124.11639  
69.37783439  
188.2973069  
200.4244001  
533.6595126  
837.0517009  
223.7168416  
36.41280952  
8.423339791  
36.52689924  
1007.890603  
141.0099737  
649.1596373  
273.0563358  
224.0775471  
1173.018121  
508.5016972  
752.7931184  
450.1846481  
44.45761551  
399.1787629  
409.7131952  
1765.178227  
1212.032393  
92.66555667  
