21.98705452  
357.7127264  
206.0297875  
298.9619888  
1850.677215  
801.874341  
377.8988983  
224.4688174  
28.64068184  
304.8393129  
1470.660953  
151.457952  
235.5701822  
339.8375604  
2034.916359  
1273.123617  
112.0304567  
713.5047011  
587.3086192  
263.1167515  
244.2335415  
1646.252619  
2.663970335  
1054.442336  
404.7244969  
104.9059795  
803.9718195  
81.72898138  
42.86627034  
437.5072503  
237.5344166  
107.1951881  
168.5757823  
283.0834309  
137.319009  
437.3783919  
449.1195638  
1346.672665  
288.4509883  
48.47054299  
19.60897341  
280.742425  
109.5580871  
401.4884171  
41.37764669  
505.8571348  
163.3458349  
240.6478812  
10.36820591  
42.49326729  
396.2366052  
84.40599065  
947.5729904  
231.5473796  
173.6584052  
343.0303224  
463.0831329  
38.05802619  
7.121005636  
135.872493  
180.4771662  
202.3950659  
26.12615404  
94.73216476  
90.35999063  
39.65933836  
40.10765322  
104.9644936  
2.119497246  
49.5994869  
1.001593955  
50.95222834  
168.8569605  
17.54363766  
9.75802877  
49.51729081  
7.780157048  
77.31679573  
18.68113154  
99.46467253  
18.70245008  
25.01755872  
1.485313084  
17.76335529  
11.13752006  
109.7980132  
38.29725831  
5.662904948  
10.93329583  
1.900682494  
18.64271168  
25.49096556  
101.488484  
16.17614706  
44.27683244  
8.024378522  
13.68244222  
19.12873123  
3.085501615  
13.89345356  
137.2554471  
71.91650723  
24.4262036  
3.492204557  
122.1128609  
19.08982521  
224.8191548  
36.62690946  
25.98030009  
139.0583425  
211.5979934  
9.10338618  
8.960850107  
111.39918  
12.14556422  
77.05098812  
40.71773403  
0.9111921074  
