50.46754558  
8.851607724  
156.7743735  
12.96723536  
39.44931977  
159.6923673  
231.7030719  
8.668496723  
149.6636379  
114.493769  
179.3342351  
356.2912053  
79.60981404  
72.45368555  
29.60485529  
84.16765834  
13.2336481  
561.3291279  
49.88006646  
2.208961228  
118.6076019  
207.0338886  
174.8576927  
172.2652639  
69.37889769  
12.52688755  
61.52943554  
37.84439209  
555.8843233  
461.5105965  
51.86641476  
61.71695211  
61.64888691  
18.17194702  
316.9539769  
207.6918001  
153.7679738  
234.8074537  
138.8690237  
2.607274041  
309.5491169  
277.5104263  
122.7260236  
15.20600196  
193.6722031  
16.06902194  
180.7213486  
65.61091848  
150.0279033  
106.8041648  
75.82186841  
63.20799096  
129.5180489  
55.43357578  
78.18287337  
47.69664995  
261.5374512  
29.51836138  
160.6235627  
414.0361582  
11.12082969  
126.1647409  
95.72240475  
144.7168037  
196.5060809  
131.3945873  
12.76833529  
219.2934892  
12.46381712  
18.500211  
105.5416474  
0.8921364472  
134.6130902  
273.0038607  
237.061656  
190.7684266  
232.4902243  
217.5214651  
4.527313853  
56.73091459  
83.07695563  
4.473742872  
27.5714317  
85.10805186  
94.64038681  
154.8639194  
133.8806191  
129.6290777  
16.73607569  
221.9655776  
77.28873308  
5.407814768  
68.60814599  
130.7115961  
26.80459342  
2.275048452  
18.06948157  
136.5893075  
248.7639664  
232.172627  
94.78997531  
491.1693655  
705.6278624  
11.50523395  
1046.811323  
1689.248737  
1149.297549  
188.2512723  
1775.970497  
1463.012141  
2942.045678  
469.7764137  
675.847267  
1324.201844  
437.6222274  
477.0279173  
233.3989842  
0.1949801169  
