46.18246552  
91.67493633  
212.1921247  
895.7007092  
1642.948445  
796.6186949  
2553.403474  
329.667217  
1872.191575  
1316.936767  
582.1342108  
906.2679169  
340.2394787  
588.7101444  
78.46702656  
112.6416158  
105.7454215  
147.614855  
1545.80297  
85.81200225  
383.613577  
223.3307285  
439.9743716  
428.7524737  
311.0373195  
1167.33401  
541.291244  
112.9233603  
731.4190381  
196.519414  
14.78427287  
320.1182662  
9.730114513  
1051.499447  
606.6882526  
82.82569574  
419.2277854  
66.68124875  
213.3730702  
552.8171859  
135.943774  
6.048012206  
85.13611959  
47.65613966  
58.45832597  
16.66667824  
350.3206033  
371.6116699  
64.81127359  
13.43188696  
0.5856509715  
166.2963617  
777.4983932  
155.940685  
10.07659258  
493.6151983  
60.14707695  
60.06928006  
114.7010377  
203.4500068  
73.35382123  
141.1919768  
119.105207  
119.3578792  
92.26536697  
90.03746268  
55.94820279  
106.7157779  
1.352943021  
152.1037353  
133.8752512  
11.99613541  
7.969986259  
67.48973617  
20.48885291  
101.9705  
1.87918701  
20.54514115  
2.27539307  
13.84650445  
51.92539681  
18.35972172  
70.74510714  
24.7945939  
21.22475854  
30.20377216  
11.81463296  
14.0615193  
8.458817558  
24.35030492  
1.652838404  
21.12242449  
14.13558393  
33.16252343  
6.972283348  
30.38604931  
20.32554181  
36.97653773  
99.91241132  
2.641186454  
13.66819648  
0.9301003518  
19.70213837  
0.7257274459  
39.533861  
24.79241212  
53.91432632  
8.01019566  
10.51155438  
33.66872783  
57.49706448  
19.56732692  
6.727021857  
1.640255584  
73.94422401  
55.72418145  
53.12952105  
123.9208123  
