222.6330869  
260.5155327  
578.2317511  
123.3227224  
438.8896295  
565.9372336  
150.1901264  
92.74092691  
108.8700824  
60.57173552  
244.9939905  
26.93425642  
18.89193576  
91.09790473  
30.93753563  
9.586464766  
4.042622922  
19.84032864  
66.61825125  
132.6890901  
254.0847384  
33.32698264  
139.6001673  
168.4303571  
282.9104316  
106.6082208  
52.92250114  
2.039444969  
42.63345738  
25.77324228  
7.766882218  
62.19301248  
16.77903972  
34.44072591  
0.5628865885  
147.4370031  
235.8670989  
15.43315869  
163.3717047  
107.4672834  
4.481714234  
14.07164255  
33.74835229  
21.8134465  
153.3114891  
107.9844665  
29.75202568  
44.32490653  
18.55357845  
35.13432986  
6.019109693  
43.06804619  
54.55025511  
140.9363864  
38.11972608  
57.34632426  
261.6418703  
7.17527414  
0.5251060194  
37.78627303  
28.29010343  
61.78628642  
84.72784921  
86.48829644  
94.0212416  
66.02347368  
30.48569897  
156.4379371  
19.0945421  
25.539266  
73.653996  
5.79780179  
18.63426833  
122.2347839  
20.91904054  
231.9030296  
27.03351033  
72.3077617  
76.32583211  
57.95361435  
233.1573054  
190.1563104  
261.8167795  
132.7034588  
140.6720322  
27.51174632  
271.9707843  
15.07230359  
133.3752901  
191.0276022  
27.6014446  
32.14621248  
78.23140687  
69.22391351  
27.44482274  
76.61363584  
188.5568742  
258.1960367  
59.02986124  
237.6060253  
90.60348125  
455.4869954  
74.21426211  
264.3180063  
1399.237793  
1567.452333  
2150.128187  
169.4221401  
830.805543  
2203.175613  
4532.566435  
112.5596979  
687.9028743  
1965.602664  
195.5908163  
577.1828012  
160.3685646  
48.16348624  
