163.6364298  
121.4168477  
1166.153717  
186.0535386  
505.6679095  
307.5833705  
230.2235707  
490.3313779  
25.316581  
382.6183662  
210.5750024  
354.4212956  
849.4617228  
1278.366025  
981.3008765  
1147.657019  
198.7110481  
406.4110257  
118.9636326  
716.1212376  
178.4566185  
155.0065231  
727.7793505  
106.362026  
805.9545939  
308.138696  
556.5522144  
370.7919923  
66.16177607  
488.6204352  
361.5260966  
203.8958694  
449.8465767  
337.9783626  
140.0638311  
94.81457331  
317.0887906  
621.5908185  
472.6685888  
19.00510936  
632.4368614  
154.7099753  
682.353336  
25.79762887  
418.2848252  
48.17341914  
244.7715855  
373.0695861  
217.7029035  
135.7196704  
101.1504788  
263.8369213  
248.5441498  
9.674205597  
13.17377492  
44.19611306  
78.41336004  
240.4167271  
3.310123915  
14.50891558  
83.13147685  
112.8747896  
7.425399888  
99.26911062  
72.26428663  
78.65923156  
183.462124  
61.75450495  
100.4489476  
74.36205009  
202.8787634  
105.2255726  
34.44067959  
21.15734831  
132.5578762  
222.2853275  
82.9859299  
55.25076129  
117.2812061  
6.486350009  
64.93851796  
18.5258136  
44.96304962  
49.58179478  
7.702156339  
0.04135984465  
81.36200373  
34.42699732  
16.76697428  
67.27547361  
15.74936676  
141.2207476  
92.65112319  
337.8692582  
280.602315  
316.0677182  
99.04920463  
107.1821061  
34.42265939  
15.25368801  
68.92879486  
81.19292818  
81.65288499  
223.6356462  
45.82656133  
250.7193797  
129.0655866  
151.5992054  
502.299598  
317.4038313  
82.39922468  
318.9291192  
122.4542269  
474.4824267  
114.2321733  
363.8042689  
73.33565713  
149.2928459  
