235.1995317  
175.609537  
751.3865252  
128.2859094  
734.3706451  
489.413154  
332.8243478  
208.7264768  
210.5324483  
128.1961562  
284.5596943  
158.5767701  
136.7974757  
72.80416932  
111.390695  
117.0460952  
164.610382  
10.06979318  
170.833406  
75.05020001  
12.2516066  
57.96151959  
109.0982617  
291.1513752  
201.243229  
132.486882  
577.3606347  
61.02435595  
105.0603543  
326.1256831  
153.4806621  
419.1944569  
110.1361163  
54.3825989  
56.16745489  
336.3062486  
24.1030524  
432.781671  
419.9218428  
26.18604591  
523.327544  
31.7969934  
79.89013405  
72.93458531  
49.71284057  
73.57053416  
112.0887403  
70.07843305  
599.2407535  
23.33608574  
22.87357534  
227.5970372  
99.94557559  
28.66311279  
239.5691339  
4.518907519  
9.050569052  
71.70022866  
33.05317538  
148.8550527  
21.97311521  
52.4426264  
236.8891624  
301.7362755  
123.9604863  
78.72522414  
103.7273665  
96.62758904  
26.55271623  
185.57196  
46.77360078  
100.6900042  
11.16654674  
6.31211238  
194.0760152  
83.80640894  
89.71769499  
3.524477439  
63.52769186  
80.33663462  
52.75320766  
3.850817057  
13.58049836  
106.9902958  
62.33313026  
146.3306307  
223.1779886  
173.9801392  
632.3800923  
100.1434212  
160.4470323  
64.81432749  
47.35350043  
98.58695998  
153.5559212  
134.5312418  
7.19011445  
30.99040242  
331.6156283  
903.3295985  
330.4147614  
88.99611242  
48.94743438  
1350.834228  
1327.348495  
781.4594734  
1073.422368  
60.4732456  
758.8091186  
606.4990245  
439.4084691  
1056.664461  
810.0879891  
1287.674592  
129.3346574  
621.9843293  
364.2290702  
225.6580743  
