51.47367105  
50.89232854  
132.1117416  
348.2395634  
579.4703338  
731.5913333  
97.63767991  
597.7789809  
178.2444386  
12.36604358  
1034.951868  
122.2885973  
2107.289341  
2723.54572  
237.4753979  
919.8035112  
21.99455275  
412.929669  
397.2791905  
196.0435922  
131.9708081  
775.9635445  
106.0518885  
20.12016474  
715.9917604  
93.26533453  
558.4346165  
97.17866766  
1595.814904  
122.787681  
467.5758552  
166.6456141  
1460.727837  
214.2950247  
112.1383693  
119.6971063  
18.36063356  
381.8323566  
114.0903948  
79.32282399  
1.224541978  
108.5899155  
86.57384164  
46.2769255  
15.09566448  
40.01846468  
65.32926287  
195.8846101  
99.63407495  
4.658152446  
127.7571605  
32.92170305  
518.8955969  
73.74790408  
118.1698129  
23.95572494  
56.09670166  
345.4233945  
16.34221829  
24.89734486  
536.7598914  
74.96253288  
92.16020712  
173.2805511  
37.74012193  
100.9624014  
152.1656623  
332.3325624  
171.3810707  
59.06816484  
90.13055742  
126.57569  
35.81190234  
101.704312  
172.2441754  
90.80449528  
150.2474063  
309.6236864  
13.01466875  
194.0117437  
51.11018752  
2.634867197  
42.57362202  
171.2777326  
159.3315881  
223.0066916  
50.9443353  
240.2484809  
173.4869365  
75.05297349  
17.09747106  
36.49290405  
71.35800631  
264.406597  
229.0272104  
8.425274539  
10.2789978  
54.18571482  
184.6883448  
0.4968024584  
5.842091298  
103.7990253  
57.38993542  
107.4541022  
132.2548336  
18.00170016  
303.6269529  
194.5255939  
38.58982379  
104.3735153  
438.4016125  
83.17289479  
47.10960391  
241.1314754  
27.73599702  
286.8991338  
63.7576144  
175.3231955  
