10.76338619  
124.0161586  
1793.403644  
1231.835417  
663.8062081  
142.0755052  
720.836864  
768.1737848  
2014.166432  
468.8687331  
1206.843993  
192.5050498  
2263.309258  
41.09356389  
243.0008233  
58.31485695  
144.1750614  
334.1065623  
181.5100702  
1004.738328  
95.12417874  
86.95370612  
824.3190425  
97.86065499  
290.7541394  
1105.168916  
31.63220653  
470.8320735  
558.3384844  
387.6558078  
185.0932521  
52.26931494  
13.87262447  
70.33396648  
29.75778935  
192.0475769  
1968.653999  
232.1614913  
385.2770701  
169.4277405  
75.68354565  
41.03419195  
296.197131  
89.01266944  
39.47815448  
459.0239213  
310.9698988  
444.5199401  
59.73387761  
91.4507803  
640.4994042  
190.5047269  
210.8165245  
180.4878362  
54.71944794  
228.5759827  
66.37787522  
70.20781405  
67.05646861  
70.78166799  
70.15901386  
78.658575  
15.45198365  
1.912045825  
135.750044  
38.10139051  
76.50183679  
75.74298075  
13.05766616  
47.18196988  
15.06204094  
31.32743388  
18.04652809  
10.54051223  
26.15301791  
22.85248781  
18.23445229  
14.63254436  
21.88360995  
26.40048566  
27.3230404  
61.60511968  
11.39367903  
29.62755471  
45.1795831  
23.55512994  
20.31883866  
78.19390085  
55.6155674  
18.7123205  
4.334463844  
94.1835217  
23.04916878  
0.362866579  
82.86096948  
45.30469614  
27.14156653  
163.973933  
137.3713971  
63.1884893  
15.18719989  
29.88376795  
36.89893546  
138.2265318  
138.9718801  
17.56034642  
44.30703208  
4.385675025  
66.8826262  
47.53920519  
348.1880815  
60.76843928  
13.77152333  
120.9432402  
10.97448614  
235.2255446  
86.44479099  
1.369347555  
