98.05210115  
611.1310019  
30.96337436  
356.9947432  
1856.516454  
1763.44928  
1843.0702  
297.8094143  
1929.818837  
255.4680023  
311.1570197  
149.2997479  
608.6184626  
2529.516374  
140.072129  
1210.040996  
222.3886342  
34.89719369  
399.4139318  
166.3713962  
93.68923381  
157.8581155  
370.7281277  
1.746441384  
499.9360086  
579.4344068  
71.77734263  
13.5623484  
247.6277145  
507.3801368  
3.275149491  
557.534839  
412.4318983  
0.8036385566  
8.488624016  
1084.228587  
53.59354447  
132.3655521  
196.3231333  
42.15902303  
75.07025933  
2.259447084  
827.4852045  
624.0098339  
155.8731433  
47.97831872  
8.009013612  
131.5372616  
29.3643034  
450.8137895  
151.1741537  
124.668758  
72.70680493  
2.554331838  
29.01553793  
44.65742806  
10.09456064  
105.8609927  
41.10168819  
118.7169684  
255.9549729  
49.36127295  
75.16889027  
17.79814479  
71.3571636  
26.29576469  
55.03521179  
55.79155309  
10.11015162  
16.67693102  
36.85359739  
148.2446855  
160.9319858  
5.046634578  
48.23044342  
75.68528292  
87.55183732  
45.85145388  
44.61522137  
24.92574607  
25.05016957  
66.47499105  
37.09037495  
45.64619747  
8.900674301  
52.48089765  
64.70592952  
17.5823744  
9.655767114  
22.1006462  
61.84085735  
15.3813132  
58.14666737  
3.823317403  
63.01049791  
21.44242229  
39.13087465  
26.89055414  
12.36667272  
115.0908361  
47.90960496  
47.48137244  
83.80879691  
124.7672363  
74.30373605  
223.6214828  
255.080464  
113.4223958  
278.3161722  
264.8808353  
274.1879521  
216.4006641  
98.26225885  
298.4299583  
116.3094348  
154.2532705  
76.95439863  
0.7320532461  
