77.31351  
53.52694444  
125.8669  
103.209107  
1359.795626  
237.9902005  
703.320189  
290.3500334  
804.8536336  
481.0354606  
1680.714203  
1074.790952  
3898.035121  
479.8922094  
249.5601679  
647.5132163  
1125.412501  
766.2858832  
49.87853248  
277.0480374  
877.9688517  
3.008929245  
20.7909581  
356.7118196  
767.1735891  
396.3142365  
1099.834308  
21.10384647  
481.7713439  
353.4045496  
134.6565668  
146.4087958  
10.64505367  
52.42741095  
462.2248337  
31.49154223  
23.94222448  
328.7564727  
421.550915  
311.0071126  
266.6853686  
276.7023723  
82.49451444  
93.75954422  
542.4649301  
398.0352702  
320.7726724  
334.459738  
94.65302085  
322.6161102  
177.016962  
436.9168666  
105.0840569  
108.9440094  
132.8840864  
109.1394002  
51.74411388  
173.0733971  
82.25502196  
26.1120462  
158.8462234  
76.42774547  
3.101191567  
164.2348312  
220.5338326  
16.7900635  
27.55350675  
33.57241353  
77.97421039  
143.2434699  
71.20695539  
36.60474204  
1.474936277  
16.0885564  
18.54325691  
8.485220047  
33.2160478  
28.7679153  
6.580120149  
97.43344412  
57.07981675  
1.121591453  
3.052990869  
35.52063945  
50.67327842  
63.20004505  
113.5593121  
3.147461925  
5.365170832  
47.19088062  
41.54036199  
0.5659869961  
59.20966296  
2.396340892  
51.86273874  
26.87176595  
11.97060441  
5.369796545  
8.075903194  
87.57394307  
14.45653944  
27.01458029  
37.12286453  
84.91415635  
28.15992107  
63.57920866  
46.84568099  
51.12747194  
13.57660418  
21.39530867  
43.23005273  
34.81854682  
65.10596964  
20.4708784  
85.34676264  
160.027046  
82.97672418  
20.81083994  
