13.30761831  
43.82915816  
446.2602464  
96.52442815  
3360.136166  
470.4521125  
1261.838468  
375.1957519  
334.0976392  
606.440205  
705.8719074  
600.7707315  
313.2614447  
117.4508253  
553.4492909  
844.3464666  
2444.058296  
160.676075  
1155.750818  
289.2159499  
52.72680461  
258.5068711  
196.7555073  
213.6771307  
567.805994  
1184.272339  
946.4726833  
177.8393249  
75.79050179  
911.9742823  
1682.056531  
54.81152207  
321.3178884  
207.8544804  
101.2220615  
158.9318363  
135.0321871  
15.45058726  
97.8785919  
160.9262191  
194.8294951  
427.5994747  
115.334461  
82.86306296  
51.63097436  
128.3141176  
390.7739358  
409.0439056  
57.12128945  
189.8531745  
307.0355577  
258.318324  
279.1500699  
277.6438143  
71.86828395  
105.41566  
78.79616879  
15.69510264  
142.3882756  
8.650343541  
129.251352  
50.00414874  
9.221826425  
0.9276048989  
10.33976474  
48.96271021  
64.67204059  
26.08558687  
78.31471953  
23.24150552  
5.430023029  
70.95060643  
21.97698476  
55.04119102  
5.4804583  
82.84756451  
5.615549572  
69.65899228  
27.71458838  
1.7985935  
11.62193368  
0.3084375357  
3.395521093  
106.2450047  
0.952007215  
0.5708908607  
26.69849646  
12.54638132  
36.80764276  
31.93466905  
99.29263231  
75.03369942  
39.6570348  
22.9621921  
33.88382605  
24.32766245  
39.19314623  
22.30135483  
2.878126284  
34.08817149  
1.050740884  
68.89136723  
7.51248858  
48.30323325  
1.823688869  
25.77569321  
119.2506802  
5.273772367  
70.30674567  
166.4022004  
16.21212928  
16.33745289  
151.339902  
110.2554262  
14.11580881  
54.2279867  
84.38338463  
99.48044431  
