21.0893455  
322.9064047  
805.2776501  
37.04641383  
121.2660426  
1124.954757  
458.5933982  
705.0937585  
923.0459393  
299.6974947  
270.2534485  
245.1456019  
549.1414397  
1329.541933  
411.6150979  
177.2545778  
1387.206543  
305.4064885  
176.2418281  
118.3854809  
480.1023893  
54.84584906  
152.1133928  
958.7805801  
31.94743965  
236.4273336  
770.0147505  
11.86287243  
622.4304035  
116.4264022  
603.9486906  
55.89060673  
162.1947938  
127.6140891  
140.452299  
288.5227833  
83.96247943  
48.57432355  
563.0347174  
221.8533257  
386.7346615  
175.3562621  
400.2546034  
43.85748464  
94.73917529  
53.50766346  
452.7951269  
199.9995949  
359.0557247  
30.06839945  
0.8660896448  
213.282544  
231.0387969  
375.705619  
522.2657216  
50.05862979  
166.7583272  
37.40500287  
62.43682676  
11.6963413  
54.3102979  
22.17548992  
436.5673805  
24.79993664  
98.85259268  
48.55083184  
21.46476746  
55.58126658  
13.00782203  
55.69944124  
31.75215552  
216.0734748  
236.4099143  
65.60322641  
12.15494439  
209.8773504  
12.52832276  
116.2967244  
135.7202109  
238.2457612  
155.2141099  
285.2062854  
3.939414377  
89.90953922  
57.08129168  
17.2901711  
448.9762814  
5.087140755  
26.77330185  
57.98056312  
300.4729672  
84.41815573  
124.9595558  
344.2754532  
79.35394454  
43.27438215  
253.5749331  
100.1815647  
51.86176765  
116.4264989  
28.76459364  
15.15915243  
35.64209879  
253.6212528  
351.4091744  
254.9144383  
785.4583725  
153.9926918  
211.8335708  
138.2419716  
552.666199  
41.95076918  
64.34116779  
82.08977018  
2.291882982  
335.6267756  
203.2724733  
157.4973019  
