132.5188619  
95.94668908  
1271.290263  
3184.181654  
2090.582366  
468.9408274  
335.0607354  
345.5689123  
1656.687742  
336.855984  
388.2250433  
505.3422839  
735.2011491  
534.1494248  
549.6795887  
400.6791285  
119.4837867  
951.4801281  
97.63643191  
163.6238679  
361.6262262  
889.22969  
722.5818402  
399.1516615  
206.8140358  
139.5725461  
175.1469259  
360.9490781  
197.3547324  
186.8609196  
610.9778759  
98.6126259  
217.5058098  
1046.919863  
10.52245064  
70.7454905  
43.49775388  
35.9082968  
0.4713831675  
69.53592039  
39.75519795  
429.7656321  
139.7257772  
286.674276  
64.43867992  
65.07485517  
89.45807823  
139.6706818  
19.11939386  
19.71383625  
288.3667184  
272.2004803  
82.37201087  
765.6747138  
110.0728336  
593.0458055  
54.50418888  
71.01785026  
174.6402328  
83.85608345  
207.9843709  
26.18615783  
4.727244874  
10.35223956  
31.21429859  
25.5434642  
144.1318914  
9.689000463  
3.53963529  
145.6176021  
130.4081917  
39.0403209  
124.4768585  
18.31384433  
54.00704803  
135.0423329  
19.82203812  
11.61605749  
81.26867542  
31.47713203  
16.45862088  
143.9461386  
23.74520197  
49.97339736  
0.6229381699  
16.03938155  
40.66088013  
74.00591649  
27.73237806  
33.50857956  
4.793016493  
30.24407231  
0.2178472942  
24.52118594  
80.87004215  
8.234691238  
11.18360718  
30.04259068  
138.178497  
113.1242223  
4.489839219  
34.2297677  
67.72950226  
163.7798724  
20.61474273  
30.01385117  
52.70937715  
5.754890654  
76.97561402  
139.0072208  
68.43585766  
63.37369004  
110.2982511  
192.1392275  
22.77064876  
390.0396868  
155.951013  
25.71603345  
