95.47025411  
84.05551985  
147.2871454  
139.5385627  
398.8556267  
108.5952058  
27.42983632  
103.6800483  
36.35371671  
337.4815069  
43.72024548  
91.04513867  
113.1120552  
90.32739491  
11.39770047  
65.55317892  
8.168174549  
76.33094346  
12.82636011  
180.4657584  
45.10513689  
64.85492179  
21.55435912  
495.6915617  
50.97471608  
181.0854087  
109.0476814  
45.72000475  
150.6614288  
166.647767  
88.61306784  
114.3358273  
145.9924637  
81.94541251  
115.1068137  
972.2917524  
181.7099845  
264.1902265  
61.21074431  
51.82204108  
3.522026974  
70.59731168  
218.6677784  
88.4357928  
98.96226181  
22.78489492  
243.0778867  
103.7392604  
226.081997  
202.7995014  
95.32038036  
57.06126911  
63.85010103  
75.4313264  
140.9460164  
108.3210481  
132.5058851  
73.45672766  
207.827272  
36.61644187  
133.9858831  
33.96136212  
35.11168282  
98.39288534  
124.1314947  
118.8745624  
447.1916344  
57.73836404  
17.87155971  
95.25949217  
98.87989215  
78.66616794  
260.7205523  
558.0821405  
19.64419204  
31.01053085  
35.44662122  
56.08499148  
52.23911022  
195.9148159  
153.592868  
18.56444558  
225.1393116  
73.87830664  
429.5833477  
173.7380206  
394.5685816  
91.3202542  
99.37299155  
602.8357051  
105.4986031  
120.3223295  
24.61506849  
374.4690945  
108.0161419  
630.8107884  
6.412747896  
10.17302162  
94.10271512  
515.0831362  
245.144124  
171.4663759  
20.93557823  
233.1753443  
1309.862769  
965.3948247  
1674.926076  
161.5802334  
889.2495006  
1557.097379  
2644.124108  
22.50350265  
553.8776285  
1078.783414  
116.5769686  
1141.676321  
281.3388127  
21.44150384  
