20.57103839  
23.66592105  
547.2631005  
72.95951424  
3155.36124  
1911.23655  
226.5888397  
156.9966983  
246.0122753  
49.14562357  
3358.406507  
98.58299047  
336.9653943  
2491.397227  
429.4894998  
379.7291102  
685.4766253  
178.2801426  
381.5432684  
319.565091  
51.06611816  
48.5486832  
90.4050251  
148.6471478  
845.7769204  
743.9620479  
291.3141776  
132.0231367  
214.9343029  
162.2729788  
198.9064585  
669.3618816  
14.35489964  
122.7368195  
162.9160048  
333.2799221  
509.7550574  
298.9016423  
273.7311303  
104.7944443  
171.1339867  
43.1979807  
377.8558878  
26.36242673  
531.6999682  
42.47504436  
197.7004668  
986.7717024  
125.6706055  
411.3107638  
135.6520059  
161.6012149  
144.7678937  
3.325346837  
120.631815  
232.0474307  
80.75282175  
149.5755202  
35.03308876  
244.213477  
475.5421098  
79.53548997  
99.84606487  
10.42725987  
52.71781679  
21.90000736  
110.1259823  
63.85312947  
9.572425442  
107.1176436  
58.2681481  
61.1246137  
33.30106558  
75.46788079  
204.4253629  
68.03074711  
3.388976996  
51.96686093  
153.3516622  
117.8184341  
63.08552777  
2.30467179  
38.60820796  
79.96286355  
27.34269299  
31.00973278  
14.32431613  
79.66086816  
3.458522393  
27.26412603  
57.01510582  
53.49592043  
23.72261971  
0.4088734849  
15.36639074  
0.4944062727  
9.93087338  
31.16468426  
81.92490744  
19.60518787  
44.55231098  
6.642768122  
3.713916427  
70.18041727  
44.37645538  
43.3569307  
2.574182045  
38.63489199  
3.766886834  
34.32831516  
39.97486914  
4.657256825  
6.657892837  
39.3414227  
33.66163178  
58.38048423  
16.35048025  
24.42360378  
