4.26052817  
268.7046539  
880.7612236  
1043.65101  
2943.570949  
136.4708196  
285.5308282  
366.9932169  
243.2783491  
764.6785992  
349.5884731  
633.6204334  
466.4101705  
295.5896801  
828.1248741  
184.7145037  
73.00651497  
106.7222275  
110.4078937  
393.5192717  
192.2304513  
1031.581284  
117.3352152  
319.3909461  
641.8818434  
61.00506443  
62.04942313  
359.1060743  
329.7631985  
152.2076631  
192.9304065  
48.36905946  
41.42453643  
149.9841821  
46.99447396  
31.36540937  
34.87354988  
177.9383417  
26.38853194  
298.988345  
300.2251847  
115.2468721  
486.4890338  
248.7891675  
28.80342052  
42.7806338  
123.619844  
82.47652801  
126.9527501  
31.03505828  
50.83138355  
332.9708408  
1003.622449  
241.1400183  
32.02974849  
203.9737215  
34.64116775  
60.1215286  
53.0939247  
13.44868723  
176.9782916  
68.61022749  
69.17849243  
14.92295911  
24.91088497  
85.84067103  
27.62395062  
108.249784  
7.6090413  
53.18424587  
102.33118  
25.7040931  
70.4424781  
24.77290457  
25.83642685  
283.784084  
12.27198891  
124.3038121  
9.306234289  
58.26983467  
55.93360316  
51.12964146  
16.18505805  
132.8410339  
95.7192181  
19.37777105  
41.42520022  
74.57637376  
46.826292  
112.4183186  
7.612788257  
67.32322547  
243.7029423  
10.08160749  
231.9063298  
6.713423204  
56.25885071  
475.4818312  
336.2910046  
199.2737728  
69.78697624  
110.0087519  
62.25867442  
345.0521871  
198.9712955  
62.24044189  
246.8724279  
9.248378761  
190.810548  
370.4470089  
853.6147918  
238.7549856  
175.9314508  
775.9657453  
106.4547545  
1225.102093  
619.9246164  
211.2816376  
