5.575686281  
117.2044244  
258.1164598  
668.2728992  
1120.215826  
32.88063321  
191.9057166  
596.0613599  
1608.524971  
1233.90303  
885.0602151  
119.4353818  
21.58044596  
467.403369  
961.9135152  
508.036303  
1403.706523  
369.0612821  
699.0081727  
504.9715078  
732.3999608  
666.9316253  
385.1612144  
407.2189282  
806.9803666  
248.9539492  
149.2736747  
410.7971681  
159.9923844  
28.09082644  
672.3588295  
34.06239742  
73.99916645  
357.6194271  
20.88554126  
1332.246887  
168.9611954  
761.9376124  
200.5356146  
73.50216279  
66.95170209  
601.9232384  
391.9940364  
328.7613296  
6.3483298  
361.6538422  
230.9516529  
142.1787053  
258.6365809  
20.34853603  
734.1804377  
110.8580428  
573.7987641  
273.0302811  
163.7871606  
523.9428456  
107.9870252  
60.64806645  
8.719628747  
75.4803211  
177.5655148  
49.63369311  
74.0145311  
83.37373023  
103.858516  
132.5673038  
41.17953574  
1.761422475  
96.51426195  
38.12441203  
65.06177488  
97.45765282  
109.4002659  
17.92321797  
28.57077543  
9.800034458  
2.694818545  
48.87553852  
16.16612921  
14.15874977  
119.1085894  
1.797191646  
34.49698483  
49.68980825  
120.8052263  
88.61493171  
47.1730281  
49.55924027  
59.64122202  
68.2505885  
36.39540336  
108.717019  
3.401418702  
5.027823723  
81.35586446  
2.488371016  
26.08363537  
29.91812754  
177.1990384  
40.33360671  
1.64723268  
32.01541454  
30.34568828  
49.2650719  
15.72842461  
40.71322643  
21.0735838  
87.11372551  
3.900667194  
70.06842911  
17.87855238  
145.6947759  
24.37821097  
4.05731087  
38.71005266  
250.686606  
20.84145129  
20.39079561  
