74.4674808  
540.3988174  
2769.320197  
663.5990719  
912.0025049  
192.056964  
119.4239817  
372.2812959  
291.1153354  
656.3678502  
290.2349211  
345.3167454  
135.3850672  
151.080651  
75.4119831  
345.0634373  
5.217916526  
63.19076511  
1085.737598  
247.6221555  
536.5956211  
604.5613051  
196.4316678  
94.8378149  
132.1106409  
754.4772472  
292.7954117  
224.2596236  
24.16928308  
9.919433845  
101.8960475  
39.05969736  
2.993218045  
52.9168748  
256.5239298  
447.4896315  
76.52935676  
813.140769  
412.5049946  
358.6498111  
17.26886408  
27.89405294  
471.5817929  
16.6560882  
94.24348439  
46.91440106  
140.9222163  
251.198088  
431.0173247  
42.17224585  
33.84258492  
77.24877179  
238.5609079  
66.36501942  
79.18829236  
63.53310401  
115.516433  
25.19941755  
114.303384  
37.73502303  
53.42135118  
17.07404366  
86.23190398  
23.91831404  
33.70703622  
119.362316  
32.99885315  
83.44376261  
78.13630566  
8.913021915  
72.33750725  
127.7296265  
4.250660821  
98.44795123  
58.32443123  
29.62575067  
240.4155432  
20.23334747  
126.2398613  
186.4262881  
105.3465796  
3.177737105  
36.64444596  
343.5249221  
147.9515354  
46.96090606  
191.9725317  
87.71616509  
12.12198611  
156.188179  
114.4438701  
247.9250736  
50.60553234  
217.4988849  
40.75155021  
71.82363251  
86.03621241  
133.7794883  
497.0624556  
484.8668015  
76.45456326  
43.95404902  
84.10984229  
695.1411117  
447.9888119  
847.2101798  
254.1476962  
102.4293872  
216.14813  
91.22494051  
570.5285894  
616.0413138  
483.2391014  
173.9543437  
28.90275582  
711.2591109  
550.8683279  
0.4855270102  
