18.22934697  
354.4100582  
157.7108966  
1668.586472  
1584.831725  
250.9577346  
403.5413647  
184.4191166  
399.924461  
121.597853  
402.4449512  
192.0509605  
27.55996585  
1577.511682  
2777.07963  
405.3285476  
1004.781901  
1227.588954  
1418.27099  
979.7815889  
393.9831855  
504.68093  
195.2916472  
909.4390322  
258.049917  
165.5955606  
50.78178126  
485.0322828  
607.8074923  
675.3353243  
15.13286518  
28.23805985  
25.29201453  
67.28763795  
249.9551257  
50.07994775  
41.30042672  
186.7354234  
60.04928553  
267.9284234  
131.4631411  
0.7900893832  
65.1997278  
9.131244253  
1.136414507  
292.7012106  
42.88397196  
336.5461719  
110.9744952  
240.9325525  
89.85074368  
193.2536403  
371.4662339  
406.8583048  
9.505878064  
96.13231991  
47.04366084  
127.1414941  
97.7263562  
1.779834379  
0.3566092761  
126.8240976  
239.0607665  
92.17853817  
4.040160198  
76.99296903  
118.4428747  
240.6580884  
131.8328176  
3.171828466  
121.1566341  
39.29091215  
190.0294045  
0.5845561392  
95.98491895  
28.91795218  
82.59938403  
13.18817042  
0.406256423  
2.436679005  
138.5614256  
23.15313467  
23.76863561  
2.142943723  
41.90515017  
45.91747147  
14.43532964  
29.4655422  
19.93713773  
40.50538591  
38.89225351  
74.80715453  
95.1387718  
12.90771041  
1.234113027  
82.57109482  
9.8477555  
85.51302652  
232.2274624  
71.327101  
51.60936873  
48.4752915  
6.997239596  
177.1360975  
54.64545272  
64.77425131  
495.6915258  
240.8208955  
151.5905045  
68.42621184  
105.0503237  
41.54635153  
7.660855972  
24.05285385  
111.1167035  
199.0705219  
121.7981984  
0.006172803168  
