89.0587073  
373.0860152  
2859.016837  
77.83464886  
1138.111748  
577.6883601  
736.3749396  
446.0232672  
145.2804784  
324.5907855  
665.8394315  
12.06845859  
1210.772378  
330.6222633  
321.8942582  
950.1084738  
42.14907945  
272.1377759  
76.44566319  
108.671195  
79.0270104  
47.9246878  
229.9481126  
169.8697445  
276.0942705  
111.373046  
186.1470112  
2.489993799  
531.9653375  
381.7602418  
47.00590546  
282.7162717  
83.05683803  
58.33396614  
216.8719687  
524.5740413  
105.8049081  
234.715917  
29.94689513  
122.3116865  
225.8598736  
135.0367391  
101.0510389  
336.0576349  
114.681848  
71.07618663  
156.0467973  
47.92338417  
127.9266163  
14.38241166  
103.3444356  
338.3986591  
80.68654329  
319.2071252  
260.9881857  
85.52314527  
1.25787149  
29.26544084  
8.975686145  
325.1229418  
318.4136266  
197.5484726  
55.30228248  
17.26412917  
180.8594128  
157.1315053  
65.46026918  
45.02084361  
20.57077054  
1.993150428  
112.3922212  
124.8169078  
35.79125214  
163.4628694  
261.776989  
246.209214  
101.0318635  
119.0745024  
4.285437758  
42.63563353  
73.46773624  
32.96213748  
13.58078878  
510.6689776  
162.4395352  
270.4246865  
14.24192478  
5.651109646  
1.059554836  
339.2642085  
345.5509729  
11.28202219  
0.6352783668  
43.66039973  
436.9870056  
22.79085651  
129.2936314  
52.77134615  
184.3636081  
96.5584399  
8.695544292  
63.14241815  
8.711808335  
253.9158725  
788.5438427  
309.2058426  
42.18178379  
75.24026424  
398.677239  
71.65773014  
416.0675543  
472.7257334  
277.7674027  
634.7838984  
106.2430445  
849.8481884  
525.2448639  
92.25242342  
