126.6470956  
30.7342894  
521.8908017  
845.4666625  
58.3474367  
347.3505679  
312.235006  
397.8927362  
120.3987127  
189.3996141  
628.8326788  
301.0549906  
714.6390881  
769.5322754  
1208.378527  
53.86645422  
205.0419794  
91.68435014  
319.6679824  
41.37101305  
75.44627641  
65.13847887  
554.7266412  
19.86390617  
105.4301648  
230.5449661  
204.6754719  
64.44100613  
771.3593766  
104.8130126  
109.3117809  
165.6968427  
170.2854091  
102.4293877  
108.3410242  
81.64778284  
118.7963179  
333.8250814  
177.1363555  
501.3129929  
296.4286868  
52.39310089  
91.53278783  
762.3735553  
832.9998282  
183.6609446  
309.7445049  
54.37141028  
0.2947305276  
314.602369  
1072.531295  
768.6746084  
823.2231041  
354.632191  
454.927575  
131.2444429  
320.4177811  
52.6627962  
350.0705834  
115.5841185  
190.3928668  
181.1533253  
229.607556  
159.2734597  
18.74858682  
114.056749  
26.08076369  
156.4195708  
109.0651218  
99.31135126  
266.3656364  
208.4701225  
185.9342447  
586.4094069  
265.3037122  
326.1502207  
179.5652186  
249.0349535  
88.03438344  
102.7352903  
54.95974829  
148.7157676  
47.68235641  
47.64195795  
293.3210578  
218.7800864  
17.6820413  
48.34269505  
87.64872862  
179.9784853  
13.30354122  
217.650442  
228.1607393  
180.4964663  
379.4865503  
72.63897318  
188.3778112  
186.4826101  
97.424999  
58.23404653  
403.2559576  
6.074061349  
16.92015727  
125.9358653  
334.4815436  
119.8294488  
0.927141833  
387.050968  
69.02931072  
123.8493149  
432.4571746  
179.4569203  
104.7654332  
40.04900348  
38.63133146  
73.08383056  
68.62068265  
8.870516404  
