62.16105274  
178.8521732  
201.8686896  
144.5464385  
122.6586645  
395.924218  
631.5586733  
825.6148422  
698.8422036  
1120.53168  
609.1620797  
458.0703  
16.43457729  
243.6655782  
540.2032093  
95.90108208  
434.0302736  
1279.250881  
208.488105  
226.4664251  
218.2693407  
26.03539287  
174.1581684  
197.2358653  
1027.413584  
352.1668144  
315.691277  
398.145952  
21.41831881  
416.7596646  
622.2535417  
346.4868542  
140.3144223  
31.61985547  
52.35894769  
50.67823404  
703.8086334  
421.6337734  
605.6951408  
67.94467387  
59.7852558  
94.86283661  
95.44570531  
341.8858568  
70.07609476  
69.67646281  
94.96033696  
412.7011017  
170.955488  
232.7694882  
436.1600289  
62.88322899  
37.0823091  
122.0907783  
86.60660674  
88.10300366  
65.02503959  
73.73602227  
15.10546333  
13.81337519  
45.87572887  
51.59322058  
76.17351709  
52.9750535  
23.34663837  
114.8695497  
68.60594623  
97.37781921  
110.8675162  
75.94497373  
148.3033955  
31.50480394  
85.61371784  
207.3516628  
248.8267244  
111.2718822  
76.68001359  
75.59943199  
1.834577939  
111.5705439  
40.46163266  
158.2712842  
2.264540363  
447.78304  
78.59120565  
26.41730668  
120.7719666  
51.49740893  
41.33608098  
5.587915125  
0.2394517731  
265.0519359  
61.19481822  
195.2987147  
79.00041351  
53.52879611  
116.8154825  
179.3422526  
303.7137268  
60.02909764  
68.17789654  
44.43476654  
258.4374105  
41.33559079  
416.7530316  
127.0267961  
1580.049198  
167.3865472  
110.9838408  
303.9277751  
959.2276241  
264.4460495  
158.807375  
439.2144407  
722.966923  
462.8990206  
134.220755  
76.55417176  
