15.88031091  
122.3853178  
196.8494005  
305.7583512  
1971.312869  
365.0391469  
81.91833094  
1300.77372  
474.8647908  
501.0755636  
262.8340722  
501.8835387  
292.8560272  
860.7640871  
518.4277754  
161.70476  
310.3148146  
5.517370918  
249.19719  
62.44305079  
115.1120102  
195.390493  
46.97265397  
1188.296881  
9.576147838  
121.5980689  
24.06536438  
9.569038737  
415.9537814  
0.5202033324  
286.5790657  
51.17717799  
220.5416508  
154.9570478  
105.8434098  
181.7919681  
149.6611486  
159.6916564  
204.6486574  
131.3192414  
134.0999848  
635.1673941  
399.6337948  
48.6409205  
392.4156541  
359.5466945  
128.2237748  
48.03400224  
166.7587927  
106.1880671  
477.8312082  
607.8004837  
115.6358252  
193.0424918  
98.12605449  
123.2168381  
256.2539954  
76.69377179  
13.13384143  
2.190379509  
72.17678696  
30.10878841  
273.6369672  
8.182688963  
15.94970812  
57.40952896  
13.72034421  
152.6053024  
13.84578868  
17.03815757  
58.52166528  
52.11099328  
76.22929716  
41.68441696  
109.2311298  
242.5460332  
47.16718074  
44.19359496  
134.8109539  
35.33098073  
84.88484075  
44.61036779  
15.73735433  
222.2329626  
138.1189536  
115.0289947  
238.9780341  
8.852717628  
39.63903449  
105.6769057  
169.4656454  
135.8507934  
54.86543695  
177.2589543  
323.7871667  
57.17467639  
36.68818416  
13.67813072  
88.51870175  
284.1376923  
212.09815  
23.1934789  
94.11628323  
619.3569984  
562.3193334  
883.2818136  
1107.34393  
253.4611085  
410.6978856  
538.8286212  
909.9911362  
101.3819084  
294.5461389  
461.4493017  
245.3042041  
378.4417862  
61.71672286  
6.170439233  
