13.95389032  
150.8495464  
92.15612686  
2099.007275  
1257.565097  
518.2826349  
76.31220852  
69.63012679  
516.9356137  
96.82790786  
262.674029  
74.85129425  
321.7674931  
192.7311822  
91.36485266  
92.64608501  
274.4066634  
106.2085574  
18.15777592  
179.1517136  
695.2777323  
51.83344945  
33.71452671  
36.50509793  
725.9089307  
1142.05064  
927.7372305  
1654.106563  
123.5426562  
32.38201148  
29.82533959  
195.5326362  
653.4600408  
46.97376101  
307.4887633  
532.8365473  
185.7087265  
78.70380264  
239.9890701  
468.8223252  
59.19261309  
100.155449  
452.2336904  
512.1273792  
109.1630607  
76.72102519  
123.7201884  
141.047007  
231.0246853  
147.8182707  
150.7375627  
41.66149274  
283.1155998  
22.63496455  
214.4106717  
10.85960121  
132.7720564  
198.7620414  
195.1020864  
253.9787407  
271.8491816  
11.88629098  
313.1458313  
297.9896789  
242.6436165  
84.24034218  
3.10565736  
125.2453215  
64.56699052  
0.3623657692  
47.54481369  
454.9198887  
337.1891193  
305.0346641  
79.33051653  
34.67797847  
45.76269528  
6.289710659  
139.9409715  
168.9750899  
257.6585933  
238.2605357  
173.8141814  
86.8855932  
288.8830086  
38.59194482  
446.5185903  
72.26563909  
176.6489703  
44.76587431  
7.621272855  
42.61186768  
165.0679725  
109.11414  
80.40889798  
176.5043413  
70.18193982  
1040.355732  
5.169725101  
151.4640635  
11.86755808  
155.653204  
8.559156476  
167.7842012  
162.6350604  
163.6772194  
101.7517204  
104.4469649  
1.847586658  
110.7453202  
189.3124534  
176.2945951  
221.5623992  
92.96964627  
54.3124693  
776.7950955  
327.1873458  
139.9725658  
