58.79555697  
317.2424874  
843.7682549  
120.2753663  
2800.157728  
1344.318373  
22.45702393  
146.6814868  
553.4059729  
319.7311819  
115.3850039  
578.2016109  
573.2971889  
417.2799848  
1560.329547  
126.081692  
492.7512356  
140.7502884  
327.8305072  
268.7092891  
84.1828373  
628.8041471  
74.01398353  
22.30904268  
516.4456912  
820.4492313  
332.1930011  
525.7837763  
86.76858585  
238.8166132  
0.009439934228  
130.0828703  
1.025008526  
217.3819867  
69.62122912  
494.2071095  
56.16975517  
406.3691086  
21.14734592  
367.0467151  
45.75026838  
213.1245512  
462.264431  
120.7922021  
92.95773588  
255.5173946  
47.55480576  
442.3418308  
61.52213131  
713.63156  
629.658448  
219.6383921  
852.0435492  
1213.847095  
177.9544441  
127.3154932  
163.9009522  
32.31589264  
189.791422  
111.9468665  
281.2423744  
13.19632962  
189.2706475  
140.271108  
101.2525765  
5.032777654  
9.869183509  
122.3780433  
68.20638922  
42.29238947  
27.53135257  
61.07853624  
28.0126357  
75.90097177  
9.499996297  
171.5745714  
69.46423268  
113.6229998  
51.4262357  
45.50151301  
269.3820226  
149.5704568  
29.49133189  
10.11679331  
26.18461166  
64.25352607  
30.98259098  
35.18513326  
163.3982402  
113.637007  
95.29659498  
61.22196248  
201.4999064  
389.4033281  
50.27010445  
13.29917443  
42.72478365  
171.8641515  
39.87444935  
56.16779358  
2.081041907  
87.85106376  
8.185079355  
109.319183  
65.77597136  
0.5438179626  
317.285181  
108.3649242  
40.77125344  
250.967128  
137.2950253  
76.20807626  
122.901968  
47.39907588  
192.4475387  
103.7489697  
7.834011428  
32.8502792  
