842.6619939  
159.9826701  
769.5853824  
2872.217497  
1240.232535  
961.967037  
261.2832574  
309.1011849  
8.699697399  
589.2416733  
537.8856746  
41.64182867  
120.6578823  
157.5435427  
1.138171961  
146.1266722  
22.3635973  
52.56668139  
34.81158348  
92.54825499  
233.3009916  
143.5299486  
129.2616041  
63.19603508  
31.96805332  
31.11234432  
22.04497279  
39.27289257  
20.04328985  
86.20852542  
69.94399107  
17.09089974  
52.9391364  
45.43113813  
38.90323512  
443.3851269  
281.5300084  
6.651420668  
30.60321302  
260.9915651  
95.72066045  
87.89108523  
53.09649087  
99.96599466  
20.40961349  
30.65446163  
6.880385178  
2.678702218  
21.93035911  
17.0909001  
10.74634729  
19.08453478  
79.11356291  
70.77677453  
27.91307407  
135.2338837  
87.89632767  
8.883706296  
22.85443109  
79.09578076  
13.3285099  
31.69488485  
54.89166296  
9.228394644  
28.7960859  
96.2275541  
68.63469464  
209.5760024  
72.1858737  
74.41612545  
61.95944097  
168.2637335  
36.40747984  
262.4533908  
46.67423179  
68.26667296  
51.21890398  
24.83699151  
50.96182069  
204.5493802  
2.564077264  
4.022888101  
82.16594131  
52.7364574  
209.531533  
20.34797753  
202.732129  
191.1569493  
33.19008965  
23.39726266  
50.70599366  
60.32565289  
264.9059999  
421.8995585  
124.2925549  
61.5816472  
18.95447383  
801.6136149  
747.2864326  
33.11845379  
5.45379031  
116.9031818  
199.9225693  
444.2805957  
1873.676124  
596.4284314  
657.8069323  
27.92165911  
329.0724768  
639.3164919  
2438.068812  
296.6527022  
79.68188372  
831.4695129  
1.946038161  
1194.664405  
705.6285237  
4.844122965  
