4.119554946  
32.11150839  
73.05819243  
1274.301689  
887.2090266  
150.4153079  
153.4291844  
16.4948288  
331.5001012  
112.5959097  
17.99777041  
4.45295011  
345.5825032  
223.8130241  
185.1252729  
502.371232  
401.8655807  
291.7619552  
103.731162  
407.7034854  
74.4210527  
151.5002681  
119.0187685  
157.0537484  
34.3949988  
432.1114565  
33.52711599  
1045.868472  
314.6622064  
154.5672219  
248.2370333  
321.2664105  
20.12451178  
957.6555595  
98.75061808  
673.5977481  
179.7208556  
211.821399  
555.4693407  
177.3089013  
412.3064779  
888.5287938  
46.47925342  
187.5254945  
16.77022319  
768.0555486  
267.1590355  
30.09337122  
38.49467083  
144.2641894  
95.5145617  
279.4911476  
290.2767792  
140.4695929  
340.8166402  
150.1716959  
256.3300472  
51.08105988  
199.5380915  
88.46989139  
62.00078374  
169.6665157  
296.2681441  
406.2988363  
224.212179  
91.0205994  
33.90819548  
63.00344399  
30.34690452  
172.3306852  
92.77351106  
95.85121221  
184.6205298  
345.3633001  
121.6371835  
83.19543472  
290.3772743  
117.4406111  
2.398639275  
20.64420169  
6.682466911  
139.9581979  
41.64586445  
92.40089591  
102.2730411  
8.940963993  
7.0388186  
47.18457479  
238.1726416  
23.71094459  
183.657817  
617.1484262  
98.37637836  
44.78506921  
369.2396086  
178.8394716  
78.49136539  
227.0154086  
472.3663251  
74.65162636  
75.21502511  
4.520138984  
188.1094081  
82.54686633  
182.8064487  
203.8670637  
193.0974683  
101.3993135  
224.4401979  
809.2297259  
1556.037741  
52.04096786  
212.138605  
85.381614  
69.17333135  
998.9771136  
434.883416  
255.2859417  
