20.26436887  
179.8722495  
574.2513405  
1487.278495  
227.5375593  
53.25900008  
866.3922483  
1018.114468  
207.5572001  
473.4777252  
531.5727704  
667.0040357  
659.4254772  
2843.081208  
1025.572034  
379.3562207  
776.6015869  
820.6420405  
1600.583817  
263.5186742  
180.9017586  
734.1210788  
417.1617072  
365.100203  
444.8433433  
341.1100985  
82.24932172  
594.6475247  
120.1853342  
602.6909502  
126.4928583  
529.3916603  
289.4044019  
321.8865071  
399.5949074  
21.23894372  
247.8982887  
387.023748  
60.48004686  
149.3058573  
48.30640109  
95.27533755  
26.14941498  
14.14521394  
91.37423018  
622.216966  
60.27491046  
966.7037399  
35.53289972  
13.04654118  
200.8363732  
51.14647358  
442.2544339  
311.5848339  
36.75139582  
93.26347691  
10.24052428  
27.13293093  
141.9588799  
146.5653323  
5.257902135  
74.03027574  
29.55103331  
77.13493703  
45.96859091  
160.1427636  
242.822964  
183.9788677  
7.107466057  
127.5869732  
38.38810672  
0.01599052582  
20.1125991  
34.00677535  
41.80172503  
46.96970395  
69.46578782  
95.58000765  
0.7182192752  
29.7093788  
155.0536996  
72.30225712  
57.64355143  
51.66231319  
41.42575182  
93.15384292  
19.34069483  
35.77792887  
31.08328255  
0.5500777924  
73.73627333  
41.00793974  
134.7445203  
14.51853011  
34.43149869  
86.53351291  
7.093139664  
15.71707917  
48.98896618  
5.893803802  
58.53451361  
36.10129097  
23.92503966  
20.40907112  
16.09575349  
3.762229729  
149.7907524  
100.8414752  
4.684051222  
37.61785206  
168.514888  
17.34720238  
13.09982461  
47.56341977  
62.02069035  
51.26038322  
0.6097965094  
81.92333157  
