281.2329157  
732.9540383  
1790.738654  
699.2693919  
423.4646666  
522.8025822  
476.1592287  
190.3629809  
22.97744567  
6.806794309  
435.6997007  
49.51541114  
300.4924489  
457.9829162  
27.90286233  
241.4534984  
224.4915998  
620.8388759  
0.1514672061  
118.3258637  
83.99818291  
415.3444467  
106.3126986  
7.471352798  
52.01156034  
9.794748039  
197.2491381  
15.32151974  
134.8422405  
12.12070308  
60.01112409  
55.99879275  
109.9205915  
97.16838646  
119.3326299  
70.67942312  
350.5778346  
179.8338373  
179.0012514  
19.03943142  
4.611918629  
104.6613837  
23.32032987  
0.6932576512  
23.39987727  
36.55687309  
0.3064677084  
61.77612704  
0.572118129  
24.75473313  
223.5746826  
343.5774988  
58.64455134  
256.1877093  
41.48697862  
54.84785492  
36.08578315  
18.22602824  
88.70958388  
195.7992297  
34.48630195  
40.21923059  
9.002025362  
78.93537167  
90.84522009  
57.08699993  
52.96039357  
22.49684352  
53.46555439  
153.7802931  
41.75048388  
105.1146077  
30.79349839  
153.1795141  
13.83703608  
166.5281365  
36.16883706  
13.26001299  
66.92286869  
101.8070783  
14.65288926  
165.4074577  
112.016087  
77.96130587  
205.0716697  
64.910947  
8.003705567  
86.05857164  
90.66183154  
21.67804547  
29.9506891  
11.23424696  
248.8756835  
41.19120764  
251.4512143  
74.99484184  
34.98788428  
455.1920449  
54.35001941  
291.2282025  
37.95500648  
130.9806617  
366.7222134  
459.8049226  
1836.615795  
627.7296201  
1412.653754  
21.44169268  
641.8050978  
1066.694509  
3517.158199  
23.57227081  
296.4296292  
1405.752674  
210.0360026  
371.5451281  
142.8576429  
0.5602090673  
