12.65447611  
52.14992518  
557.8606308  
304.0403685  
2806.033776  
499.531301  
1639.013156  
157.4047463  
1774.446234  
140.0754019  
3308.400813  
328.5473194  
295.5850041  
933.6508734  
653.3594048  
192.7611115  
980.0812871  
324.386935  
95.76621171  
519.6904848  
219.0270213  
255.0555293  
779.4396322  
191.3365783  
38.74638315  
238.6394536  
498.0540175  
585.6453207  
144.5416903  
472.7110904  
369.8164887  
244.9975484  
642.78781  
142.2430566  
162.2302446  
110.0668255  
212.2178373  
597.4732857  
255.4994686  
842.1161065  
21.8391756  
73.62358302  
63.66706208  
2.566773115  
278.4574514  
86.55398517  
123.9988924  
589.3505643  
35.65381485  
177.5528991  
192.4553343  
534.0646651  
1.450333893  
15.82375473  
78.09966547  
366.3602102  
2.822530778  
79.32789826  
13.53090505  
42.65853717  
186.343641  
121.5238132  
5.696225606  
1.197943356  
34.23299841  
39.00829223  
20.58062769  
17.62247126  
16.55450597  
71.13578098  
42.13637514  
31.48172575  
57.93671246  
119.7439645  
65.72949695  
54.72703506  
2.854526946  
1.93442397  
69.68562425  
80.60003423  
42.62917877  
15.45431113  
93.9951348  
40.02298411  
16.84631693  
2.865487573  
71.2018288  
130.6320721  
17.97184606  
13.01899372  
93.45092303  
35.96895964  
9.67889318  
66.2892926  
66.84085343  
3.178509659  
91.668499  
20.61575369  
29.09716546  
8.114977961  
26.55394453  
7.275709875  
11.57508774  
71.1066571  
17.8542179  
10.58350167  
71.39304728  
28.33339113  
0.3209154265  
8.556499548  
38.15936105  
11.47187762  
7.823023615  
29.37491537  
47.50498071  
56.15237289  
17.64561978  
0.2075831366  
