45.13737226  
73.89324431  
53.83884658  
24.06306429  
709.2677735  
163.0409837  
61.35922568  
13.83272746  
69.34705184  
27.21574026  
75.80078644  
147.9354703  
193.8725444  
60.36683918  
16.42298073  
157.9400688  
164.0330735  
267.7197622  
72.58636643  
44.0920571  
47.88526009  
25.17308381  
66.7555794  
135.942106  
22.55212557  
141.8423583  
30.84776537  
85.83530961  
79.30410223  
196.8552608  
27.77166509  
15.69113188  
184.0150391  
117.5707763  
61.02366599  
565.8315388  
104.4737849  
244.5622057  
83.59350781  
32.88684248  
95.37678481  
108.1867629  
105.3416557  
65.28329352  
68.24915365  
158.2266476  
198.0982619  
36.84756982  
62.1835697  
62.43205348  
12.14553022  
75.06143559  
143.4200902  
192.4436742  
4.525710805  
46.34966169  
18.00960205  
31.25515264  
81.79104262  
1.61792028  
44.45040356  
9.321667065  
169.1686076  
323.0348169  
19.59098342  
125.0437064  
72.44050912  
18.93836348  
95.17252201  
18.52584402  
153.9474725  
132.5007316  
76.55645588  
333.9438436  
186.4649615  
81.06113123  
64.10227  
90.86096085  
25.37380571  
76.49114696  
47.62316652  
267.417964  
99.16002408  
1.687864538  
215.1859734  
22.92862108  
311.0231591  
44.417336  
63.70711692  
103.0966992  
6.661479082  
117.4635832  
119.5818168  
157.8513967  
63.75168744  
16.40908976  
273.2943309  
376.6153628  
139.1332709  
329.4094038  
128.7171936  
123.0195296  
436.9441338  
214.1081355  
1517.984008  
1087.333169  
2009.56695  
163.4892865  
893.5536496  
1995.926283  
3960.51192  
87.63070712  
1190.923365  
1696.149253  
194.5071386  
848.4587231  
5.184367447  
7.115951465  
