0.7312963435  
1.236496651  
0.9554052356  
0.6343657327  
-1.256487209  
-0.05214277144  
0.4058537421  
0.8678822378  
-0.3035886327  
-0.07093970344  
-0.3374974929  
0.008508605032  
0.5359325316  
1.816990405  
-0.4702750724  
-1.086740874  
-0.9245636982  
-0.6020913835  
-0.9704703396  
-0.922424804  
-1.05160116  
-0.1170407296  
0.6880171522  
-0.2854743553  
0.04778129513  
0.239759188  
-0.5896902325  
-0.7730605887  
-1.023058458  
-0.1214242364  
-0.2088787085  
0.1027549563  
-0.09964339137  
0.06969971605  
-0.4321469301  
0.01796687592  
-0.1530504693  
-0.675070264  
0.9062139264  
0.4913236215  
-0.3579484356  
-0.7572965365  
-0.08843399666  
1.570328971  
-0.1722362249  
-0.6224380563  
0.6906666233  
1.364315474  
2.548693322  
2.65374106  
2.116462109  
1.497774386  
0.6995692708  
-1.24819791  
-1.613928972  
-0.8927107664  
-0.8166522595  
0.1737091779  
-0.9892294497  
-0.4659701436  
-0.8918005009  
-1.388680242  
-0.519760975  
-0.001715874688  
0.3385262944  
0.9838885368  
0.6304247278  
0.839586072  
0.04418798207  
0.5675601995  
0.2953036078  
-0.4045204106  
-1.610844213  
-1.446431035  
0.9666438295  
0.7772941586  
1.039453279  
0.3931067907  
0.7995824061  
0.3936755095  
0.3314284123  
-0.3244130989  
0.8320321415  
-0.4813112534  
-0.7978398467  
-1.069659489  
-0.1952879035  
-0.437338859  
-0.0667451517  
-1.983143386  
-1.449830189  
-1.427197386  
-0.5072402882  
-1.117839758  
-1.244298442  
-1.293457367  
-0.436734522  
-0.3395697656  
1.275418806  
0.8566697192  
0.8171882422  
-0.4965123094  
-0.3386053323  
-0.6430292485  
-0.6271680078  
-1.031180031  
-0.06832279413  
0.1283110286  
0.5268556043  
1.822677353  
1.801767348  
2.007509141  
0.9876809877  
1.003918816  
1.209197631  
1.554368864  
0.5824079491  
0.524143036  
0.9347607111  
1.472856701  
0.3595058695  
0.0526145767  
0.7785468399  
0.2714387961  
0.5470432594  
1.316517508  
1.141733041  
1.330709703  
-0.7924545015  
-0.5815793837  
-1.507578717  
-1.14321821  
-0.0440898555  
0.8624409295  
0.01109981609  
-0.3499471486  
-1.191741522  
-1.787121094  
-2.712181753  
-2.10791613  
-2.15372297  
-2.325789898  
-1.398080235  
-1.827187364  
-1.810696225  
-0.3121205628  
0.4506638849  
0.614612725  
0.1112917985  
1.468681958  
1.53137731  
2.235573568  
1.482335235  
1.747083282  
0.5523012491  
1.621786927  
1.463671521  
2.22172518  
2.226170611  
0.6818924431  
-0.6721613015  
-0.7039668468  
-0.5650300693  
0.130985157  
1.214301668  
0.3337492112  
0.2291934138  
0.402842221  
0.4711570364  
-0.5500045263  
-0.4576247065  
-1.226042083  
-0.8292523663  
-0.6807205618  
-1.335207311  
-1.587527259  
-0.8485224124  
-0.3966079998  
-0.8212919653  
1.144481281  
0.9575508454  
0.7342069367  
-1.624837475  
-0.3055886003  
0.3715527422  
-0.8463254397  
-0.9585167224  
-0.8498100499  
-0.7926422309  
0.1870187067  
-0.1031009157  
0.6728608239  
0.05444521563  
0.2575933855  
-0.1086480043  
-0.02915551836  
-1.279687481  
-1.395065178  
-1.608178863  
-1.371026143  
0.3513656291  
0.8395254672  
1.742625228  
0.6999466851  
-0.4325383946  
-0.892688825  
0.758549451  
0.1056312191  
-0.5904861083  
-0.3673803383  
0.1428982328  
0.869119398  
0.5364792858  
0.7826410068  
-0.08051042633  
0.1562453477  
-0.9970975003  
-0.4725749617  
0.423407827  
0.2082565825  
1.294518049  
1.405737391  
1.462527254  
0.4365423513  
0.6127062355  
-0.8022653819  
-0.4533650771  
-0.4877799655  
0.5700442294  
-0.3143798031  
-0.350521644  
-0.09161338293  
0.04980122602  
-0.4693892396  
-0.4844361041  
-1.029382579  
