0.6861445118  
-0.01376812772  
1.802946276  
-0.4958643516  
1.11689398  
-0.04765498552  
0.5702380174  
-0.4195798509  
1.193609991  
-0.815405835  
0.7722645483  
-1.696786716  
0.9593035795  
-0.7948921789  
0.5678613592  
-0.4573768244  
0.1176688502  
-0.9102459108  
-0.7621016456  
0.2202379359  
-1.109746559  
-0.4117099258  
-1.228277799  
-0.1453020016  
-1.904479037  
-0.6345885995  
1.411078972  
-0.9693001148  
0.8204074961  
0.09075803786  
0.2061003461  
-0.8808806411  
-0.5710438079  
-1.079614825  
1.076969627  
1.510063629  
-0.7387359769  
0.356381201  
0.4205353654  
1.135151258  
0.2186830266  
1.102844477  
0.458539555  
-0.6116541401  
0.9122481635  
0.6073918634  
0.3554109433  
1.288960461  
0.3832721561  
-0.5221339445  
-1.344219982  
0.2373066673  
-0.4539381313  
0.8888806063  
0.2546089324  
-1.603535368  
0.3013932441  
0.07215911935  
1.113821161  
-1.34040938  
0.8657825327  
0.07944370525  
0.1615612455  
-0.3263948189  
0.9108422314  
-1.511402344  
0.8326088068  
-0.8486625373  
1.023668084  
-1.129082442  
0.4408988127  
-0.4727522913  
-1.256934382  
-0.7648034382  
-1.798729771  
0.2579176342  
-1.097046505  
0.03817873016  
-1.851333559  
0.2075928433  
-0.3125981022  
0.1407763605  
-1.681642883  
0.4093661523  
-1.764979967  
0.5970120005  
0.1655433979  
-0.1407393576  
-0.9726923382  
1.422292421  
-0.9936556826  
0.8558684304  
-0.8996598078  
1.019535939  
-1.905410354  
-0.02141967893  
-1.224158137  
1.101828669  
0.05875082429  
2.174574933  
-0.1319652676  
1.042016583  
-0.798901594  
0.9346119817  
-0.4143171691  
0.6862717925  
-0.2634341483  
0.196414977  
1.378982801  
-1.27043477  
1.10948453  
-1.108721234  
0.5307590431  
-1.30548568  
0.8306990883  
-0.9852732263  
1.012089968  
-0.7247171321  
0.7229687987  
0.1235957208  
0.6824728024  
1.003601952  
-0.9199331186  
0.1952606044  
-1.064900853  
-1.679059321  
1.745386504  
-0.597614629  
0.2693851715  
-0.3405067834  
1.765786817  
-1.166817291  
1.03544336  
-0.6349108  
2.261881898  
-0.1655994963  
0.8736578619  
-1.002345972  
0.08004696304  
-1.181515411  
0.1452875675  
1.319692235  
-0.6989343245  
0.7034257207  
0.6588740896  
-1.274193681  
0.3230555821  
-0.7032088499  
0.6750821167  
-0.597025278  
1.462550573  
-1.094678729  
1.636839914  
-1.46545417  
0.03368940327  
-2.416259654  
-0.09330888117  
-0.813194074  
0.2395138241  
1.891617632  
-0.3770558356  
0.2850935727  
-0.7496533001  
0.5225552231  
-0.3986742319  
0.9082666042  
-0.939911262  
0.2951475765  
-2.326011226  
0.02099581963  
-0.4897470553  
1.017610505  
0.3650608379  
0.148878705  
0.5399855163  
0.5635486663  
0.6732150092  
-1.598493786  
1.031432321  
-1.417678555  
1.387005801  
-1.074924362  
0.6642127679  
-1.348851852  
0.2871859511  
1.105481409  
2.115023558  
-0.1510578077  
0.8965298223  
-0.5288661911  
2.418066754  
-0.6920937338  
1.246184349  
-0.1595826021  
1.185098004  
-1.048105086  
0.7268773011  
0.3361355831  
-0.02051156445  
1.084399696  
-1.158068641  
1.471021466  
-1.11755929  
1.858332353  
-0.5260051089  
1.055858086  
-0.5578081932  
0.7502997015  
-0.1302379038  
-1.186196754  
0.4718406253  
-1.679876901  
0.1982113604  
-1.507777132  
0.635902581  
-1.514439189  
0.2046285969  
-0.9524600693  
-0.6409682076  
0.7860690735  
-1.589007949  
0.3436642977  
-1.347278508  
1.210415914  
-0.8710879217  
1.499155826  
-1.128072719  
0.4980042364  
-0.8394643194  
0.1695933674  
-0.6546650061  
0.9485686541  
-0.2676873064  
1.410682907  
-0.06017038614  
1.999239164  
