1.038164969  
-0.04282211265  
0.1423939495  
-0.7644344132  
-0.03954348989  
1.230848971  
1.606582465  
-0.1990938435  
-0.3611244881  
-0.7036232304  
-0.2163140734  
-0.3309087414  
0.7932709184  
-0.259437983  
-0.01484910639  
-0.8820619484  
-0.395292013  
0.8444405112  
-0.1002287023  
-0.9619964718  
-0.5912855642  
0.0110962303  
0.1227632144  
-0.2241763186  
-0.5199693384  
0.5788975016  
-0.003044405289  
-0.5939094482  
-0.3459429111  
-0.08660545573  
-0.3801256149  
-0.4991349954  
-0.04503671688  
1.169269124  
1.176926614  
0.577024348  
-0.871469018  
-0.7907145269  
0.2119733348  
-0.2693629646  
-0.3316399795  
-0.2886153383  
0.691896697  
1.069537284  
0.6775769041  
0.07091099801  
0.3993434833  
0.6092070291  
1.692826699  
1.652254015  
1.770940888  
1.522334321  
0.8700916882  
0.1053267075  
-0.2118172943  
-0.52542543  
0.6386651758  
1.008177577  
0.0114911036  
-0.4495097212  
-0.3392780965  
-0.8078896638  
-0.8496048322  
-0.5214842463  
0.9916964239  
1.517072852  
1.141060534  
-0.1454357262  
-0.350353761  
-1.589978829  
-1.608945904  
-0.8482790146  
-0.8436429294  
-2.010562836  
-1.424196929  
-0.4700710647  
0.7036649581  
1.853765854  
2.17781511  
2.003351203  
0.9517565636  
-1.33588668  
-1.407037147  
-0.3483488331  
-0.226244294  
-0.8776897434  
-1.666287109  
-1.077927014  
-1.158745399  
-0.7675147167  
-0.3665878511  
0.5821749939  
1.220164179  
1.580422142  
0.390807401  
0.5046222842  
1.037658786  
1.312317144  
1.163895787  
-0.0002581894938  
0.2436831697  
0.0617686987  
-0.6384953275  
-0.7499606218  
-1.022267132  
-1.341277659  
-1.403004043  
-1.76815719  
-1.762999163  
-0.5156049086  
0.4127383385  
0.1137401595  
-0.17186407  
0.05691672907  
0.8421359203  
0.9289827299  
1.360650692  
1.242876397  
1.305409082  
0.5816226555  
0.4104952036  
0.3929653236  
1.421339735  
1.16030878  
1.293641382  
0.7581803352  
0.1360892718  
0.07647984218  
0.03087329899  
0.7089896947  
0.5261976009  
0.4841157455  
0.562350372  
-0.7153603702  
-1.155658231  
-0.9199895112  
0.2744007623  
-0.4460384035  
-0.6741936118  
-0.648178269  
-0.4665820701  
0.1272628674  
-0.6204917452  
-1.000726348  
-0.5594221889  
-0.007045471473  
0.7495385576  
1.085367192  
0.4344537948  
0.7859693939  
-0.2424351774  
-0.8639786823  
-0.293850761  
0.07257172087  
0.05839701556  
-0.8061974674  
-1.720665557  
-1.449643022  
-0.07238530265  
1.01508334  
1.147214135  
1.640877058  
1.710293923  
0.9586587712  
0.2652120341  
-0.151485596  
-0.5698559316  
0.01808994717  
-0.7890866666  
-1.536358336  
-1.383845114  
-0.3200802767  
0.1565775816  
-0.1261476353  
-0.3817749569  
-0.2407931732  
0.6367957888  
1.474515875  
2.355597219  
2.26150413  
2.212095599  
0.7998767003  
0.1107294104  
0.3590859611  
0.3559641633  
-0.9506107372  
-0.6588898523  
-1.071937936  
-2.308791823  
-1.515591099  
-0.04492276534  
0.6705896322  
0.2411236369  
0.07431068318  
-0.1362216625  
-1.27461609  
-2.013149462  
-2.575295641  
-1.892170879  
-1.361115949  
-1.189134532  
-1.266501976  
-1.803754783  
-1.319520717  
-1.102054152  
-0.7458587978  
-0.3578883462  
-1.11350297  
-1.601414304  
-1.47731492  
0.05036812633  
0.9233715941  
0.1562059173  
-0.4890810181  
0.1158281893  
0.4736270587  
1.290210664  
1.780319216  
0.8950817226  
0.8845325112  
0.7634453791  
1.360125213  
1.503556497  
1.677802081  
1.441397549  
0.6882174838  
0.2326761273  
0.1961073016  
0.7089887997  
0.2667996192  
-0.1013964216  
0.1720603601  
-0.1878047018  
-0.1057254296  
-1.793966584  
-2.836008394  
