1.464175287  
2.20315972  
0.581026022  
1.629388433  
-0.3030372742  
-0.3212188365  
-0.221473037  
1.050426116  
-0.5709529477  
-0.01214698425  
-0.5016886897  
0.1145675991  
-1.266716008  
-0.7338095811  
-1.035275223  
-0.5454118526  
-1.226164617  
-0.9202555937  
-0.211203153  
-0.6696453701  
-1.366218537  
-1.55978251  
0.5562208773  
-0.3678373541  
-0.7236531757  
-1.814165557  
-0.573734502  
-0.2116144636  
0.6503826781  
0.1380695966  
-0.3669248221  
0.303109524  
0.6013137842  
0.1374821662  
0.6509327161  
1.45855294  
2.526335779  
0.9737518775  
0.1943123902  
1.587144103  
1.773539635  
0.3618219508  
-0.2743356574  
0.7204429528  
1.455845139  
1.388389365  
0.2806711119  
-0.1343336319  
-0.2660469154  
2.268267469  
1.855757535  
0.7631001982  
1.046670014  
1.096298129  
0.5637393648  
-0.4486618843  
0.2087805629  
1.077833705  
-0.6734573638  
-0.421028923  
-1.81715062  
-0.9487621687  
-1.263263649  
-0.777162509  
-1.082127236  
0.1533591779  
-0.7687693051  
0.195035331  
-1.501647501  
-1.513886209  
-2.678732191  
-1.056733977  
-1.178802012  
-1.239249079  
-1.299993599  
-0.5315349744  
-0.2100516734  
-1.498584162  
-1.134738212  
-1.380708848  
-0.07810641448  
-0.2105106204  
-0.2287203446  
-0.2768768115  
0.3018366402  
-0.3841154883  
-0.790745147  
-0.1638407768  
1.198178591  
1.112455831  
1.110163189  
-1.529641419  
-0.7837774247  
-0.6214921505  
2.501625165  
1.305688487  
0.4242670859  
-0.08516138543  
1.294132806  
2.432557847  
2.018077306  
-0.02150807273  
0.4961673729  
-0.2084290067  
-0.08171007371  
0.3262961295  
-0.1873214285  
0.2473165394  
-1.112308902  
-0.1021028416  
-0.4594622233  
0.6436642684  
-0.8869049897  
-1.1870364  
-0.4135781673  
1.647760021  
0.9478520074  
-0.5533715346  
-0.3147335927  
1.51248074  
0.7837363603  
-0.7399530249  
-0.4690320852  
-0.8648858315  
1.378780648  
1.17739812  
-0.635431545  
0.5312639508  
0.785557803  
-0.1391329005  
-0.9272156302  
-0.7473662718  
-1.522764116  
1.939003397  
0.05670198459  
0.05912836564  
-1.019547116  
0.8619768819  
0.2314769283  
-0.08104979852  
-0.7830187795  
-0.2520863454  
2.431423886  
1.309506147  
0.8014077507  
0.6622434296  
1.139034869  
0.9311153839  
-0.2599515876  
0.1147679383  
0.4404219221  
1.272219868  
0.0270415352  
-0.3345840877  
-0.9767873834  
-0.3080579404  
-1.366564558  
-1.014085026  
-1.150633251  
-0.8717321779  
0.8880873888  
-0.0926234659  
-0.5928908953  
-1.760824919  
-0.1712879314  
-0.3169111185  
0.9972137772  
-1.188923647  
-0.6472602909  
-0.8550201035  
-0.624537118  
-1.754051782  
-2.106645539  
-0.2743733917  
-0.04714132132  
0.2710667179  
-0.8261249133  
0.2156528672  
-0.08414545808  
0.9306731235  
-0.102888943  
0.1646498848  
0.2069378931  
1.346488716  
1.187598308  
0.2876668931  
-0.9923445684  
2.093927902  
1.159607183  
0.5374438721  
-1.294369191  
0.009903450826  
1.011881109  
2.185448984  
0.4612195338  
-0.04775769312  
-0.166081869  
0.03028802206  
0.612349454  
-0.3176811015  
-0.09330633461  
-1.33059378  
0.3390881735  
-0.350793437  
0.6072678407  
-0.4214515311  
-0.8973797335  
-0.04933548589  
-0.02284913935  
-0.4756840013  
-1.653817763  
-0.03646416517  
-0.7781783314  
-0.3479084184  
-1.894033681  
-0.9943214366  
-0.6287840498  
-0.01454694819  
0.453850073  
-0.1051653583  
0.8071596215  
-0.6162337102  
0.4872671568  
1.697382879  
2.344216786  
1.144832447  
0.6943459986  
-0.1305765598  
0.5063222777  
0.06149038773  
0.3521213899  
-1.912674312  
-0.1912166888  
-0.4851061662  
0.9138953679  
-1.029642571  
