0.1567801321  
-0.6617970233  
-0.954895581  
0.1413762025  
0.4681635652  
0.655120695  
-0.4024375221  
-0.7997042667  
-0.8384898635  
0.595708323  
-0.6611702333  
-0.03964055786  
-0.4740296722  
-0.9859107057  
-1.210985297  
-1.775914118  
-0.7345572749  
-0.195538776  
-0.01167226875  
0.2092120948  
1.092054349  
1.110812275  
1.575668749  
0.7389673889  
0.9997886975  
0.891004298  
1.486965287  
0.86081196  
0.1939052403  
1.025617786  
0.7211379485  
0.8966090008  
1.131071656  
0.5368793793  
1.332400111  
1.167409709  
-0.07026021447  
0.4133650834  
0.2869939435  
-0.2570058899  
-0.7987651555  
-0.4681550265  
0.4010991089  
0.3604695729  
-0.1685507539  
-0.3985656026  
-0.8930551876  
0.04132591764  
0.4605966847  
-0.3319275377  
-0.976327629  
-0.6015425651  
0.1393737112  
-0.1502534434  
1.131293452  
0.1556393785  
-0.5364323315  
0.6530590992  
-0.1717000979  
0.5875570749  
-0.1283093981  
0.2612845081  
-0.1819281334  
-0.1011497595  
-0.6788744523  
0.8592249745  
-0.08668210682  
0.1970458519  
-0.854028545  
-0.9558682509  
-2.552882308  
-1.765643585  
-0.3302868686  
0.2648261959  
-0.134446144  
-0.8185248763  
-0.01765586989  
-0.1876548691  
0.6775891113  
-0.1014173931  
0.4518149912  
0.2560371772  
0.7041425771  
0.3352188482  
0.2117662091  
-0.5054181188  
-0.05182227535  
-1.565446972  
0.2208188896  
0.02841693789  
1.603651668  
0.9984040796  
1.900472212  
1.662289265  
1.855927432  
1.758116585  
1.918992103  
1.898568578  
1.767389807  
-0.1637305926  
0.09802870374  
0.07595704074  
-0.172946973  
-1.026999635  
-1.126516931  
-1.900875239  
-1.69588835  
-1.455834367  
-1.38095011  
-1.05845118  
-1.43905269  
-1.115994714  
-1.697977301  
-0.238186494  
-0.8979182065  
-1.815864828  
-1.167093178  
-0.4891621757  
-0.176728295  
-1.531211365  
-1.156002322  
-1.10319746  
0.1582316372  
0.1505541601  
-0.4631514374  
-1.171045747  
0.2740221844  
-0.187649542  
0.5167622709  
1.219372969  
0.9370825048  
2.630309831  
2.169267238  
1.71838467  
-0.1269700217  
0.8374803838  
1.224254487  
1.41616101  
1.29425154  
0.6625102647  
1.226905657  
1.153104532  
1.429650372  
0.622128328  
2.003803724  
1.194520102  
0.2081805983  
0.3804892545  
-0.5217252222  
-0.4809464806  
-2.128338848  
-1.565538882  
-1.857071889  
-0.596834862  
-0.9896842603  
-0.6420484938  
-1.708636106  
-1.437250196  
-0.6044061574  
0.245575792  
0.3028125112  
-0.6118429749  
-0.006867419949  
-0.2999070395  
-0.421324832  
-0.6611379425  
0.8097379891  
0.2647429022  
-0.05874736214  
-1.721658156  
-2.164269905  
-2.01549699  
-1.516574812  
-1.331442961  
-0.3389791682  
1.429295688  
1.205181399  
1.501652164  
1.249576057  
1.193994851  
0.497941385  
1.112978549  
1.006604815  
1.041659187  
0.05160664067  
0.2957693229  
0.2609555421  
0.8779319903  
-0.6574949362  
-1.210840938  
-1.36522584  
-1.141016387  
-1.761630368  
-1.254637536  
-1.371266196  
0.2720295313  
0.6595357205  
-0.6587161203  
-0.3330540642  
-0.4391380806  
-0.7158131334  
-1.922161416  
-0.3031609276  
0.02535082972  
0.6607112508  
1.303078829  
1.81781076  
1.203708968  
1.075984075  
1.536704582  
0.3656552788  
1.170420068  
0.1221861701  
0.6292970182  
0.2571381828  
0.2409645712  
-0.239542136  
0.2792537963  
0.9174957582  
0.1405108825  
0.3902460778  
0.3087784353  
1.100240789  
-0.1878236093  
-0.3837349223  
-0.2119519889  
-0.4061184313  
-1.512341016  
-0.5722764614  
-1.373155554  
-0.5912161931  
-1.20259281  
-0.1602153417  
-0.07971710683  
0.5305130466  
0.6750154062  
