-1.132968855  
-1.640509881  
-1.851602788  
-0.5406261841  
0.3800022512  
1.159788049  
1.569641251  
0.4265831725  
-0.01938683679  
0.5249501601  
-0.2447693637  
1.033639285  
0.727950742  
0.09079171833  
-2.262640272  
-2.074460916  
-0.2218083243  
1.274478196  
0.5515394961  
-0.8141709521  
0.4429335858  
0.4751768755  
-0.4437810121  
-0.3606325052  
0.9714099292  
1.433075248  
-0.01858076903  
-0.1829493716  
0.7240718784  
1.091736542  
-0.3658405132  
-1.363927567  
-0.2575421777  
1.611594696  
1.412839179  
0.7325395589  
-0.7175186339  
-0.5147947888  
0.3405343709  
-0.1567161723  
-0.02090565528  
0.5623061329  
0.4688095396  
1.195477989  
0.1675314847  
0.2736474473  
0.1867170537  
0.6394269423  
1.200846557  
0.3436453031  
0.8200400799  
0.3172925644  
0.8654125408  
0.08609031141  
-0.8586136803  
0.9279100173  
0.09880378112  
-1.573834418  
-0.6707911649  
0.3301434025  
0.7560273578  
0.3665338292  
0.008424487714  
0.8930958805  
0.5571203378  
0.6247445018  
0.6946957847  
0.2675393718  
-0.8786110096  
-1.786030774  
-2.128694209  
-2.569432564  
-1.119696823  
-0.9264170904  
-0.8514881864  
-0.8277061694  
-0.6007674652  
-1.324556498  
-1.284432272  
-1.40940209  
-0.5901452191  
0.3958565467  
1.550429222  
0.9532722552  
0.301828961  
-0.2891435752  
0.5994198998  
-0.6088108245  
0.1962213751  
-0.1696537905  
0.3689351636  
0.7321225113  
2.296238181  
2.079665762  
1.250330245  
0.5581012902  
0.9329753371  
0.9537013528  
1.931311645  
1.398188061  
1.442385863  
1.210143999  
0.1645138726  
-0.6660820375  
-1.007091267  
-2.018956793  
-1.667376658  
-1.214248225  
-0.6100235379  
-0.5498075543  
-1.677798778  
-1.475350031  
-0.8305526157  
1.355086284  
0.3962885035  
-0.8461243313  
-1.247700333  
-0.3294426361  
-0.6779249134  
-0.6663075956  
-1.014741248  
-0.9727868418  
-0.2771330746  
0.5462617033  
-0.6016490605  
-0.913678314  
-0.365790574  
0.4110459114  
0.8661458125  
1.792458697  
0.4763760512  
-0.3971156035  
0.0894789284  
0.04563474971  
-1.500840737  
-0.1640949496  
0.3249339583  
0.9370155335  
0.4223578255  
0.841884399  
0.5426973372  
0.0219301099  
-0.6258040034  
-0.7647773599  
0.3602249937  
1.663177996  
1.572739381  
1.551116322  
1.646467326  
1.938587253  
0.2161577884  
-0.1072021081  
-1.430284507  
-1.955045008  
-2.884173675  
-1.63524998  
0.02563923783  
0.8584835597  
1.354078238  
1.286149864  
-0.344847686  
-0.5982706543  
-1.050746597  
-0.7746956089  
0.5915354133  
-0.1751294049  
-1.271633687  
-1.247354821  
-0.2040526281  
-0.3611882095  
-0.5362517175  
-1.439539608  
-0.7442632166  
-0.8465813762  
0.482233962  
0.01517725751  
0.7113407018  
2.022610057  
1.379680432  
1.721067371  
0.635462327  
1.667837752  
0.8535933686  
1.237186083  
1.162801456  
0.09295934919  
0.9877257896  
0.9959874504  
-0.2548393736  
-0.2215886904  
-1.446424173  
-0.1556759288  
-0.1529988572  
-0.4939739594  
-1.436156713  
-0.6768372657  
-1.524178848  
-0.99815551  
-1.061254006  
-1.170472644  
-1.167975435  
-1.025591242  
0.3394278918  
0.4935958434  
0.8470900176  
0.1390907349  
1.533818764  
0.923446249  
0.8790434185  
0.6449027907  
-0.2153756896  
-0.6100707871  
0.3334108778  
-0.209077865  
-0.7733417589  
0.47851873  
0.3211561032  
-0.3363766942  
-1.263794844  
-1.028598378  
-0.426947866  
-0.5475519812  
-0.384456032  
-1.451273513  
0.3062619749  
0.6554660732  
1.343603737  
0.5015684808  
0.3780964687  
-0.6576964761  
-0.8099516396  
-0.4937730015  
0.2533477523  
0.1967952918  
0.4657148279  
1.281307112  
