-0.0914547742  
-0.3452455756  
2.143693749  
0.5610787797  
1.739903147  
0.2013844904  
0.517108314  
-1.48991702  
-0.7389789814  
-1.755509779  
1.598320282  
0.3752026184  
0.9803108403  
0.2618279517  
-0.2664911258  
-0.9571651381  
-0.2473194733  
-0.9643436555  
-0.8369270067  
-0.7476374836  
-1.130519289  
-0.08823511669  
-0.8251843589  
-0.07847853755  
-1.052112933  
0.1407948758  
-0.2287241017  
1.116012561  
1.170387966  
0.1595814248  
0.4118718459  
0.1994734463  
0.1896248018  
-0.4070229145  
0.7708963493  
0.1636427054  
-0.5422277487  
-0.7559284385  
-1.256408519  
-0.9343571015  
0.8010361834  
0.3305412579  
-2.200217726  
-1.739899942  
-0.4828104752  
-0.6672923083  
1.191171722  
-0.8003789159  
1.051581542  
0.9372658008  
1.268043944  
2.175250607  
1.081711751  
1.430913991  
-0.01154561061  
-0.1745260785  
1.256045159  
-0.596022943  
-0.09386102912  
-1.207264811  
-0.08625342088  
-1.120442449  
-0.892180029  
-1.486873185  
0.5492521683  
0.2183443163  
2.053208385  
1.026180671  
2.158377902  
0.3153111261  
0.8541158273  
0.08986822189  
-0.4875387408  
-0.06945954381  
-0.1649802577  
0.6743424659  
-0.6012221853  
-0.536453299  
-1.179359875  
-0.3417142124  
-1.496213388  
-1.284818789  
-1.442004505  
1.505478007  
0.8164153714  
0.9248401573  
0.02039038705  
1.603359931  
-0.6417995837  
2.416498305  
0.613070118  
0.0288477984  
-1.821977013  
-0.2482420945  
-1.154799048  
0.6356171934  
0.8181520492  
0.4769971033  
0.5292255928  
1.349070901  
-1.179702644  
-1.101250425  
0.5583881008  
1.248883296  
0.6074801239  
0.918745843  
0.2001842776  
-0.5704203123  
-0.2932096445  
-1.698129135  
-0.4685227792  
-2.2555191  
-0.9453783547  
-2.191901082  
-0.834476993  
1.34155775  
1.706794914  
0.8856702364  
1.386752278  
1.224596819  
0.1309037046  
-0.09129298781  
-1.155515474  
0.7498531114  
-0.2413741984  
0.902600461  
0.2264446829  
0.7679258175  
-0.2034507023  
-1.206165336  
0.08705975153  
-1.14154196  
1.247003054  
1.035842936  
1.575821979  
-0.2953488715  
0.7355593372  
-0.3320397232  
-0.1320776247  
-0.7334767742  
-0.8689595083  
-0.5356841  
-0.03208670027  
2.526508759  
1.149208584  
2.087431258  
2.868482973  
1.715162735  
2.056345447  
-0.8545439134  
-0.09280231829  
-1.217756364  
-0.6318985848  
-1.890993651  
-0.9055329837  
-1.634965496  
-0.8124255239  
-1.155128827  
-1.092459491  
0.1107251087  
-1.238840525  
0.2225074848  
-1.352977528  
-0.7497973262  
-0.8904721626  
0.1341654687  
-1.050303546  
0.1460971781  
-0.3300862323  
0.4350724893  
-0.6148131623  
-0.6512389202  
-0.6839071733  
-0.5908771218  
-0.1301921354  
-1.053886708  
-0.1018987363  
-1.295510772  
-0.2472882947  
-0.9506727268  
0.02436105508  
-1.397702551  
-0.7119641377  
1.087911043  
1.044633177  
-1.100811447  
0.3511838506  
-0.5097309865  
-0.2682232032  
0.5367389616  
0.6095434778  
0.3062682224  
2.045673221  
0.4671362158  
0.4443085464  
-0.6773343278  
-0.3320157768  
-0.4981317438  
0.1059036936  
2.202415041  
0.8277850748  
1.696067879  
-0.1477256675  
0.6310312045  
-0.6009548423  
-0.01420736846  
-0.6219703013  
0.1603855548  
-0.01336998473  
-0.6976845648  
0.1074990721  
-1.513215636  
0.4257219524  
0.9223849634  
1.410889536  
0.3380987505  
0.6453026871  
0.3709498555  
-0.1160230887  
0.2363086536  
-0.7511370039  
0.2249494212  
-1.165269763  
0.2987332045  
-0.6404754191  
-0.4758960139  
-1.000595771  
0.5463390502  
-1.025492915  
-0.0152298586  
-0.9749048509  
0.07248948675  
-0.2382556122  
1.078529786  
0.03396030709  
0.8625370078  
