1.196245746  
-0.6308995067  
0.5519986699  
-0.9117928346  
-0.4749014599  
-0.8918915291  
2.016277506  
0.6464584126  
0.6471438024  
-0.4745794885  
0.09922721345  
-1.31077007  
-0.6196701979  
-0.9169891442  
-0.8735631404  
1.008254881  
-1.691021187  
1.91015761  
1.138730244  
0.1881337522  
0.2639182542  
0.5005090486  
0.2166694858  
0.8050546746  
-1.377882875  
-1.705827271  
-0.7274925428  
-0.03975607686  
-0.6285144173  
-0.6511203048  
-0.9003281525  
-0.2073476044  
-1.031088395  
-0.747946351  
-0.0403649695  
1.972501003  
2.809081245  
0.90697603  
1.054765896  
0.7183898337  
0.5515411418  
-0.635253778  
0.4731346604  
1.535099282  
2.327384881  
-0.1381795332  
-0.5349847192  
-1.816909874  
0.3308233326  
0.05097921728  
0.496342504  
-0.9522569769  
-0.3752627752  
-0.6010952936  
-1.551827705  
-0.3383004306  
0.1078341583  
-0.3692515842  
1.072127844  
0.4215624241  
2.075139969  
0.378437167  
0.390405718  
-0.1640123553  
0.09123098993  
-1.081310147  
-0.4489595479  
-0.7359598744  
-0.3161275023  
-1.951668255  
-1.021224076  
-1.798928865  
-0.219769233  
-2.041530979  
-0.5792183959  
0.6399503443  
1.001434217  
0.5954050918  
0.277241485  
0.3668720344  
0.1281081559  
-0.400405406  
-0.7915711048  
-0.1605031956  
-0.3852058171  
-1.157739805  
-1.16149971  
0.2555406903  
0.6339010934  
1.559592987  
-0.896560116  
-0.3926790327  
0.5372285676  
2.301169428  
1.045506054  
-0.3146851449  
-0.4059188996  
-0.2343296968  
0.1837904201  
1.147443341  
1.405553931  
0.4139229517  
-0.7144653041  
-1.153755247  
0.2449784639  
-0.4235326832  
-0.6364633237  
0.5862663309  
0.5977181563  
0.6419369834  
0.8890160076  
-0.3430149014  
-0.9420431765  
-0.5722271946  
1.131244607  
0.7125839033  
-0.8044492549  
-1.261595831  
-0.8779885759  
0.840796554  
-0.08066558066  
-0.5189688351  
-2.137719102  
-0.3472514863  
1.580617653  
-0.3443658776  
-0.5859456637  
1.276241096  
0.3903721056  
0.4513756177  
0.9775843373  
-2.126373578  
0.4672020813  
1.060312894  
-0.1053243549  
-1.95343302  
-0.41854783  
1.715318077  
1.284660183  
0.9876786636  
0.3819846582  
1.39781476  
0.2963460555  
0.175158358  
-0.9370646335  
1.023072872  
0.1194307527  
0.02692664863  
-0.5583847754  
-0.1191566925  
0.7481124948  
-0.4536728679  
-0.2682312435  
-0.9858805358  
-0.6304556487  
-0.8909540458  
-0.9777785964  
-0.97887225  
0.02577929443  
1.437512365  
-0.1517045637  
-0.8715566879  
-1.696543858  
-0.3115501915  
0.2656353446  
0.7398182826  
-0.2909919397  
0.5171700495  
1.672771177  
0.4202540286  
-0.8102763274  
-0.9797393315  
0.1501135541  
0.663444153  
0.5483676217  
-0.1948255231  
0.1145248133  
0.02786648838  
0.7229343555  
-0.9484500555  
-0.393887305  
-0.4982563978  
0.5792519462  
0.285973685  
-0.6513976221  
-0.5457913708  
1.794845133  
2.521303176  
0.6071923669  
-1.47305639  
-1.885213735  
-0.7531193284  
0.5625907614  
-0.3012722999  
-0.7029785901  
1.420571246  
1.205701845  
0.8037912157  
0.1078934762  
0.6236135459  
-0.5700408416  
-0.5349693525  
-1.154679977  
-0.4242013853  
0.9372370424  
-1.501009623  
-0.2101032488  
1.632289072  
1.351656258  
0.4851692923  
0.8939039657  
-0.2294481981  
-0.423448061  
-1.348020222  
-1.469667416  
-1.325346309  
-1.355510771  
-1.296073554  
-0.4439636199  
1.194638918  
0.8186442938  
-0.8841723415  
2.037618852  
2.394227144  
1.212088883  
0.3745413376  
0.7094498469  
1.016442794  
0.2431181118  
2.032306402  
-0.3543974231  
-1.90378189  
-1.4078354  
-0.4450778076  
-1.001877569  
-0.8825038596  
