-0.5628934736  
-0.1068713631  
-0.04180015225  
0.6469479122  
0.7268789976  
0.4903108378  
-0.93247568  
-0.9800321017  
-0.8897512803  
-0.7380321533  
-1.128430419  
-0.009244619129  
-0.92707858  
0.1482694616  
0.344873666  
0.04933334687  
1.111951924  
1.291965192  
0.003690642108  
0.7750254996  
2.220672406  
0.2830271947  
-1.500459361  
-1.13408019  
-0.3014062122  
0.2512608368  
0.04022462604  
-0.4233337961  
-1.362759499  
-0.1541382833  
0.1750934163  
-0.4418725145  
0.2301514675  
1.261449355  
1.422898979  
1.872541572  
0.814109743  
-0.3563880214  
-0.1551371612  
-1.693190044  
-0.5616342533  
0.2419850207  
0.8628426852  
0.9192954047  
0.001681959826  
-1.088811435  
-1.092231659  
-0.2383067437  
0.691084399  
0.6302738501  
-0.04665803717  
1.213545042  
1.344545755  
0.2366749986  
1.401079851  
1.648507459  
0.0856768694  
0.1738088109  
-0.4915549958  
0.9405765736  
1.204295489  
1.462349909  
1.167693655  
-0.1614781944  
-2.267593328  
-1.971730445  
-2.097381844  
-1.806483949  
-2.254182114  
-0.6933325642  
-0.984389486  
-0.1545605474  
0.1864227625  
1.10781834  
0.255174337  
-0.6765607229  
-1.310488083  
-1.314494997  
0.1923080874  
0.06195529611  
-1.031732562  
-0.6079634154  
0.3719064409  
-0.4389675981  
-0.5333808384  
-0.9967007653  
-0.2665045186  
0.343212242  
1.773679491  
0.6257454012  
0.6771600022  
-0.1077150039  
2.160048036  
1.454483232  
2.046963219  
1.569061711  
1.522601355  
1.021128925  
0.5576514138  
1.262105428  
0.2936044958  
-0.6222031149  
-0.736248291  
-0.5392637047  
-0.5066660674  
-1.085709555  
-1.322764869  
-0.4903323319  
-1.213061042  
-1.182564164  
-2.186736014  
-1.470119838  
-0.439274674  
1.633928891  
0.7671193092  
0.6711920416  
-0.5686440222  
0.0833662121  
-0.4536874264  
-0.3140318428  
-0.4788922792  
-0.8872434533  
0.4846104294  
0.8619515896  
1.354917619  
0.480419072  
2.000934448  
1.10185293  
0.5829755186  
0.4461881962  
0.06240924252  
1.662218727  
-0.05115780496  
-0.8628417857  
-1.641064728  
-0.481540294  
0.1667186404  
0.07891804888  
-0.306301692  
0.1993442996  
0.6303591476  
0.5200425351  
0.7779410597  
1.318401299  
1.685570598  
1.410120105  
0.07900138543  
0.2593650867  
0.3240343508  
-0.3020607821  
-1.261119067  
-1.431992799  
-2.041249713  
-1.367676864  
-1.29987109  
-0.4568669585  
-1.178257289  
-0.07390022471  
1.374691861  
-0.1574103988  
-1.355500849  
-1.972980702  
-0.9207390777  
-0.6358873604  
-0.2937666655  
-0.7339657893  
-0.8651635968  
-0.1025817228  
-0.3619852686  
-1.223691761  
-0.8453442386  
-0.4680846183  
-0.0752995289  
0.09460854982  
-0.6269904541  
-0.5440493685  
0.5786797025  
1.256536544  
-0.8517840118  
-0.8365709971  
-0.8891908441  
1.241015492  
0.3590579247  
-0.1212266093  
-0.1295446387  
0.3739994091  
1.797561036  
0.9710964121  
0.4637570882  
0.4232265664  
1.081024801  
1.935597234  
0.6140519142  
1.02760623  
1.373925664  
2.555554554  
1.478252124  
1.169081406  
0.5994447853  
0.5082975085  
0.8112892027  
0.2738614783  
0.6522080616  
-0.7591659399  
-1.776415306  
-1.276021511  
-0.5481323891  
-0.1814600787  
-0.9628878909  
-1.097454673  
-1.29674806  
-0.8604392993  
-1.126118513  
-0.5679890646  
-0.6992240741  
-0.3873314627  
-1.642972104  
-1.472121453  
-0.06396516196  
-0.6013018567  
0.5638235524  
1.388223805  
1.876663265  
0.1452221512  
-0.06561626529  
0.09768191663  
1.043040651  
0.4367072698  
0.9049455234  
-0.6132072177  
-0.5074940641  
-0.2646009675  
-0.02357664045  
-0.8868733905  
0.03207978111  
0.9640933989  
