-0.5473610156  
-0.08414082669  
-0.6852798176  
-0.3387611531  
0.5474553966  
-0.8246420987  
0.06145032187  
1.794870637  
1.849649867  
-0.4287833964  
-0.2169691719  
-0.9996044042  
-0.2315373096  
-0.6028329753  
0.132864353  
-0.02705600826  
-0.1808132192  
-0.8555515328  
1.870315978  
1.470510334  
-0.2103467236  
-0.3134676298  
-0.5796329527  
0.7427048937  
-0.4474389745  
-0.5384059126  
-0.187010953  
-0.6378574373  
0.6982606853  
-1.036529181  
-0.3643183735  
-0.7023251283  
-0.3618910209  
-0.3794970695  
0.2697535379  
-0.9910818503  
3.564710452  
2.795487655  
0.2407538277  
-0.3350505976  
-0.9529875748  
-0.3712830164  
-1.614689317  
1.202526632  
2.519587575  
0.2636996296  
-0.8949876629  
-0.8950618306  
-1.34975757  
-0.6045839124  
-0.9031068045  
1.320843197  
-0.7183861898  
0.6861912622  
-0.3597582802  
-0.6047134835  
1.627758352  
-0.6572104638  
1.187412534  
-0.3002846658  
2.149329352  
0.8014463665  
-0.1584078139  
-0.3981218409  
-0.9367152268  
-1.000949675  
-0.7050167997  
-0.595965948  
0.320200249  
-0.2215002257  
-0.4704637897  
-0.5537723409  
-0.4123015064  
0.1970950406  
-0.3425668175  
1.338184847  
0.391258908  
2.449938778  
0.02966249466  
-0.1081630421  
-0.7470124621  
0.03710740825  
-1.037856734  
-0.9056475005  
-0.8352349937  
0.3051113243  
-0.5122785304  
-1.03228874  
0.7555061901  
1.778843992  
0.2089466655  
-0.4519985374  
-0.8047782221  
-0.3030752596  
0.6994037003  
0.499773856  
-1.107028954  
-0.504230428  
-0.6901685719  
1.119556514  
0.6248654538  
2.561409185  
-0.428830102  
-0.6034755304  
-1.258334072  
-0.006464855557  
-0.3483398719  
0.01799411968  
0.1046297003  
-0.3878229301  
2.367273012  
0.1282369727  
-0.002451245988  
-0.8736597983  
-0.5768778506  
-0.8031590099  
0.7736792568  
-0.6771316477  
-0.3929195118  
-0.957389939  
0.9257336064  
0.2438984239  
-0.566643827  
-0.5753713231  
0.05101768266  
0.5243382274  
-0.284818202  
-0.1430107635  
3.346985808  
-0.3355885489  
0.3382910561  
-0.7177417478  
-0.8149972984  
-0.1658270051  
2.459279652  
-0.3883844545  
-0.6947430235  
-0.29832463  
0.8527620435  
1.30820378  
0.2426881936  
-0.3003686641  
-0.6475792426  
-0.7899549441  
-0.6214210294  
-0.8859468217  
1.940496979  
-0.5912472191  
1.522528217  
-0.7764933789  
2.094432044  
-0.1847648327  
1.62185946  
-0.6751685245  
0.5258920779  
-0.8919519073  
0.1384298385  
-1.320847445  
-0.8869576523  
-0.553058857  
1.200901562  
-0.8540006178  
-0.5917374863  
-0.8962997457  
-0.5264791379  
0.4858641876  
-0.1398679866  
0.145697757  
-0.5035074767  
3.028734534  
0.137019712  
-0.1480893382  
-0.08989015217  
-0.2995387397  
-0.4121603876  
-0.595867958  
-0.5978872797  
-0.7485694138  
-0.4271851225  
-0.5521328543  
-0.3902043367  
-0.8832312006  
0.0944687151  
-0.726964716  
0.3516671848  
-0.6574180209  
0.3279623659  
-0.441399475  
3.681236742  
-0.5918283382  
-0.9148837777  
-1.439633946  
-0.5371256821  
-0.4670239387  
1.728013343  
-0.7122205409  
2.349774405  
0.6770395152  
-0.7818524412  
-1.053320691  
-0.5184508422  
-0.1776613587  
-0.8118533951  
0.1766174119  
0.1675757557  
0.6445286494  
-0.6399324718  
0.51508896  
1.040466682  
1.204793987  
0.7856583726  
0.353944695  
-0.4264247877  
-0.9227798111  
-1.115934407  
-1.214618827  
-0.8359597354  
-1.140646084  
-0.5917863127  
-0.219033219  
0.607742896  
-0.2016292763  
-0.9148856628  
1.950538149  
2.239325757  
1.394168384  
-0.6531586035  
1.239220821  
-0.3264704812  
0.7131767617  
0.3683892581  
-0.5984608744  
-0.9106770406  
-0.5135392558  
-0.6273279111  
-0.3125538288  
