0.9819008891  
0.5895599189  
0.174999679  
-0.2262174111  
-0.4130669842  
1.369555138  
1.775925288  
0.7994807607  
0.04905450912  
-0.8923221192  
-0.6026784903  
0.290172121  
-0.5464934301  
-1.52092067  
-0.6140992054  
-0.2332558873  
-0.07592063879  
-0.05525470233  
-0.6316545787  
-1.266956936  
0.02186173383  
0.6063587337  
-0.3852189742  
-1.776943517  
-1.212852766  
0.55962669  
0.1986524298  
0.02777719098  
0.3745072953  
0.493557061  
-0.2323966613  
-0.08088424852  
0.7446708994  
0.7748854437  
0.2881177185  
-0.2863341595  
-0.6827879338  
0.3843560633  
0.9002778658  
-0.02113986001  
-0.7735526365  
0.3675344409  
0.8692441337  
1.018868092  
-0.4696962389  
-0.214402385  
0.4843051774  
1.318284556  
2.550933137  
1.744517382  
0.8720632979  
0.444920829  
0.8034597725  
0.06067362489  
-0.475634251  
-0.4027609508  
0.3435639096  
-0.3622813434  
-2.082318908  
-1.272931844  
-1.339133705  
-0.9534475816  
-1.044290776  
0.07988876533  
1.032751074  
1.831447316  
1.036315534  
1.454945155  
-0.325979348  
-1.479991888  
-1.078877696  
-0.8858231461  
-2.008798714  
-1.482850762  
-0.2923742137  
0.1176048718  
1.119159331  
1.494063007  
1.211020983  
1.114296324  
-0.588232921  
-1.104025188  
0.07873065628  
-1.016703878  
-0.7050074263  
-1.108346758  
-0.4752827418  
0.8238768663  
0.9191349172  
-0.9364409393  
-0.559793395  
-0.5959733307  
0.8965649704  
0.7318029227  
0.2041323063  
-0.3632894068  
0.07455266549  
0.3385968746  
1.818395883  
0.8284914506  
0.6041751735  
-1.097618988  
-1.045017463  
-0.9877053675  
-0.4400704762  
0.9998081813  
1.600853299  
1.774845969  
1.552380608  
1.909287674  
0.6045795411  
-0.04680912329  
-0.787396684  
0.2513772658  
1.014368148  
1.282007398  
1.116373448  
1.481225961  
1.484276425  
0.3098596769  
0.7360164869  
0.7157173242  
1.176780046  
0.07687302859  
-0.4695555398  
-0.1722724102  
0.4519867946  
-1.814914602  
-1.754572702  
-0.7725630464  
-0.7189142288  
0.3113248214  
-0.3283988435  
-1.197973686  
-0.7228134339  
-0.2472713812  
-0.4285601641  
-1.324608195  
-0.8122869815  
-1.147946331  
-0.5579983447  
-0.6572996367  
0.2377477173  
-0.6990323747  
-0.3433003648  
-0.25661119  
0.8444738014  
0.6771915108  
0.2727840938  
0.16054117  
-2.185519304  
-0.646284636  
-0.7613853579  
0.5281358707  
0.1133059282  
-0.7765514523  
-1.693375646  
-1.233682157  
0.6710070822  
0.9523371925  
1.036865667  
0.7865261195  
1.442218135  
1.394409038  
1.603943178  
1.927975842  
2.477808283  
0.7159398818  
-1.437893541  
-1.734388312  
-1.137795253  
-0.7500026394  
-0.5089365107  
-1.528455726  
-1.52564322  
-0.6756015676  
-0.1911583502  
0.3668673301  
-0.1069117589  
0.6719182842  
-0.4578817891  
-1.48247042  
-0.5036916268  
0.6395460534  
-0.4993775618  
-1.649983668  
-0.3300287476  
-1.091204805  
-0.9988832673  
0.6170875428  
1.104628747  
1.770127917  
1.567317994  
0.9710673716  
-0.5482502857  
-0.9931098635  
-0.06858147054  
-0.7032118275  
-0.9658913722  
-1.00897923  
-0.03059249058  
-0.1830053817  
0.8611659381  
-0.6182863973  
-1.37465961  
-1.251283044  
-0.7714221233  
-1.38082889  
-0.8541622903  
0.516876119  
0.6841301541  
0.5993068477  
-0.6318275632  
0.3027773984  
0.6222892589  
1.270474254  
1.261684529  
0.8576636598  
0.3219233538  
0.05544444754  
0.09932241053  
0.6456337285  
1.325991235  
0.4879764157  
-0.2392911502  
0.1218797404  
0.1587609749  
0.1149280458  
0.7785981394  
0.658224107  
1.263256339  
0.6862372722  
0.4183279979  
0.04201378026  
-2.443398255  
-3.689171162  
