0.2260446989  
-0.5681703504  
-0.6166739992  
-0.04170596485  
0.2791075083  
0.9426870235  
0.4028217433  
-0.9129144793  
-0.7225658907  
-0.3840997002  
0.1617383854  
0.3837576097  
-0.1207996686  
-0.06862626862  
0.9818213554  
0.9115174709  
0.6518080641  
0.4835026285  
-0.2798254574  
-0.5205895439  
-0.3770539787  
-0.2416874094  
-1.260093909  
-1.379227304  
-1.71480604  
-1.82799414  
-0.6278300966  
0.1260310332  
0.3533187452  
0.1329573287  
0.6347850863  
0.4936108092  
0.1784158355  
0.8375150436  
1.418224593  
2.215118317  
0.8987471723  
0.4296571293  
0.4711338448  
0.171130719  
0.7005536163  
0.8758032742  
1.474396823  
1.141473314  
0.8360016825  
0.8189363408  
0.3916076772  
0.5187700191  
0.8849508042  
-0.1194599411  
-1.128011779  
-1.397365866  
0.2812212187  
0.575427034  
0.8753994347  
1.323400304  
0.5945337597  
0.1924128059  
0.5805317531  
0.02531204291  
-0.2349985879  
-0.1772115843  
-0.06896543697  
-0.09229408335  
-0.2722007789  
-0.9487418646  
-0.9506455455  
-1.449514271  
-2.111085585  
-2.241967565  
-1.21901398  
-0.8034562745  
-0.07919619983  
0.3010859647  
-0.5993829254  
-1.318721233  
-1.642157096  
-1.623568518  
-1.94248146  
-1.710568822  
-1.760833686  
-1.489922454  
-0.7542210707  
0.8169387321  
0.4262896451  
0.3983786315  
0.5951213713  
1.209967772  
0.9258706429  
0.9707199226  
0.6664637086  
0.9025385885  
1.350519185  
1.399112761  
0.2905153693  
0.3967297095  
0.6507031987  
0.965638324  
0.9046293456  
0.08026493427  
-0.3010556696  
0.0879203348  
0.5112889838  
1.438006629  
1.427304076  
0.6319761523  
-0.1357469642  
-1.179200066  
-1.063529803  
-1.602372756  
-1.431415989  
-1.976141858  
-1.340204382  
-0.7659201317  
-0.662340418  
-1.140152598  
-1.46363733  
-1.03427947  
-0.09210275773  
-1.149468323  
-1.589361373  
-1.440565342  
-1.007364672  
0.5487107018  
-0.6035080269  
-1.229504063  
-0.3630763149  
0.2588354652  
0.6476406704  
1.488722234  
1.540916015  
2.129187472  
2.455106473  
0.8819609269  
-0.196392412  
0.3644626268  
1.788654587  
1.004798626  
0.8087707374  
0.7301988387  
1.464823796  
2.302458183  
1.869074025  
2.214703329  
2.108806924  
2.268401936  
0.9376878398  
-0.2373444055  
-0.5290097159  
-0.8312417141  
-1.070390294  
-1.549718997  
-1.787105505  
-1.281031104  
-1.162745669  
-1.634231172  
-1.819131002  
-2.153274462  
-1.309630864  
-0.07270587928  
-0.1620654211  
-0.002606831204  
-0.2003693059  
-0.024868486  
-0.6138602597  
-0.9202615673  
-1.48133443  
-1.125544526  
-1.225808682  
-0.3834468983  
-0.6465850577  
-0.3700457242  
-0.07566625786  
-0.001285238972  
0.5470299646  
0.7591012323  
1.327579186  
0.8739732864  
0.5150924569  
0.1649460377  
0.188743816  
0.4299478231  
1.541804659  
1.461483152  
1.038918933  
1.137478165  
1.952594149  
1.969086417  
0.9442284471  
-0.3349064519  
-0.09381691787  
1.104525241  
1.111893357  
-0.05249797273  
-0.318992747  
0.004215296083  
0.5828900277  
0.3293484461  
0.1040583924  
0.6559137088  
0.01608743628  
-0.1582484591  
-0.7304476427  
-0.08336697834  
-0.5841880784  
-0.4576090827  
-0.4798262107  
-0.7335677514  
-0.9392170218  
-1.14385776  
-0.6663941774  
-0.9886781172  
-0.8664734766  
-0.9907521143  
-0.9759683832  
-0.8413809302  
-0.337597689  
-0.05822648391  
0.02320503141  
0.008850116419  
-0.1428282175  
0.2577659694  
0.6344443901  
0.8839231823  
0.6118765061  
0.3904606242  
0.2169322359  
0.3752093094  
0.2560720028  
-0.041564288  
-0.5208574863  
0.08356737569  
-0.09891950408  
0.3410688851  
-0.07391312816  
1.070993371  
