0.2724273447  
0.5696785971  
0.07985788031  
-0.7382713349  
-0.2011137707  
0.7178264695  
1.117047352  
-0.8573169353  
-1.32792398  
-1.411864066  
-0.2921429391  
0.4929331921  
0.3282320748  
0.4637451534  
0.6707746984  
0.4001236568  
0.9150694722  
0.4639685756  
-0.6923705296  
-1.072331723  
-0.6391316786  
-0.4557112601  
-0.3843918189  
-0.5482117139  
0.6373645334  
0.9237441256  
0.2694230447  
-0.05533014989  
-0.06975209266  
0.2658177283  
0.2810793847  
0.2578176548  
0.3893723322  
1.362065698  
0.875879848  
-0.2311335441  
-0.5602660857  
-0.2917038836  
-0.2005891527  
-0.6606165146  
-0.2591126025  
0.46820086  
0.6182535621  
0.2618466981  
-0.06029116614  
-0.236186337  
0.07652811188  
-0.2526296041  
0.315898037  
-0.09281141515  
0.655890383  
0.2012940864  
-0.06899399582  
0.38804633  
0.6335374265  
0.4123188359  
-0.272400324  
-1.045689886  
-0.06150088931  
-0.1615307271  
-0.01091415056  
-0.2215743843  
0.5271516278  
0.5061018913  
0.6376685078  
0.3279178978  
0.6586080872  
0.6864481799  
-1.234344354  
-2.319319851  
-1.449570542  
-0.1274641395  
0.5645469221  
0.3557864858  
1.092557511  
2.248466508  
2.363751267  
1.582321751  
-0.4223549686  
-1.089690758  
-2.255827082  
-2.000676434  
-1.822740953  
0.01227510656  
0.5153487861  
0.1857739959  
-0.9379295622  
0.1296894664  
0.7784226115  
-0.1902359422  
-0.05392242181  
0.2877846825  
1.44156339  
1.276114053  
-0.336279691  
-0.3426886019  
0.8117441368  
0.4434868514  
-0.4770899109  
-0.6132405331  
-0.3757521918  
0.1778703745  
0.5548559885  
1.21713727  
1.089675911  
-0.3809981369  
-1.222402799  
-1.347926437  
-1.043576612  
-0.8099465404  
-0.195220207  
-0.1193369842  
-0.5546708029  
0.05535254527  
1.19563397  
0.4461953117  
-0.4305810133  
-0.4938341625  
1.664795878  
1.111633751  
-0.5959758636  
-1.300618776  
-1.443440083  
-0.6893401792  
-0.7645844965  
-0.5514133066  
-0.6926973798  
-0.5043361647  
0.7635818416  
0.9061648151  
1.061381794  
1.524579594  
0.8476819141  
-0.5063304136  
-0.9913779601  
-0.5567084994  
-0.1328557693  
-0.6210499769  
-0.6576134496  
0.274925746  
1.335758899  
1.061592484  
0.3779664171  
-0.2364274455  
0.2780711467  
0.7330697572  
0.9251446318  
0.05497122525  
-0.2538712509  
-0.3978359741  
-0.7193421531  
-0.8195020017  
-0.2921711309  
0.348572968  
0.2448121402  
-0.5388461735  
-0.5689415449  
-0.4815349118  
0.4160855141  
1.668087594  
1.937323125  
1.898513102  
0.7199849256  
-0.4064794129  
-0.8189514356  
-0.631116135  
-0.0689141706  
1.113172613  
0.5035352004  
-1.45521304  
-1.090373171  
0.1601462838  
1.140473187  
0.3917053834  
0.2734431878  
-0.1130756419  
-0.09587091889  
-0.5138704595  
0.05311783671  
1.364087827  
0.8285512497  
-0.3028462732  
-1.238471717  
-0.3254993853  
0.1406611784  
-0.3114747697  
0.7434602778  
-1.171992171  
-2.164760377  
-0.7387824317  
0.5960060316  
2.203204606  
1.483042548  
0.5227523584  
1.150138849  
-1.540145168  
-3.041983866  
-1.955624896  
-1.796559616  
-1.597093689  
-1.614178946  
-1.422871641  
-1.14450084  
0.7094554938  
1.968793521  
2.691522551  
2.786570979  
1.949239198  
1.519374245  
0.8133546043  
0.03330761286  
-1.503964917  
-2.087924993  
-2.40665  
-2.236549862  
-0.6313247452  
0.6856619109  
0.2709952811  
-1.893232041  
-1.776398125  
-0.7854771179  
-0.3041435765  
-1.159095332  
-1.0535606  
-0.8469964638  
0.4864858696  
1.137973709  
1.703126113  
1.331505627  
0.6797747987  
0.08619231322  
0.3842691771  
0.6883819913  
1.271256482  
0.750118815  
-0.08165927142  
