0.02461157639  
-0.9229840837  
-0.9423558066  
-0.3834130661  
0.02672342681  
0.5042020641  
-0.8446121432  
-1.212659654  
0.3155079537  
-0.03637022964  
-0.2086799003  
-0.589019018  
0.3619506323  
0.1974624096  
1.013166957  
-0.2518317321  
-0.5845462107  
0.002620845616  
0.03910360159  
-0.5110418509  
-0.1328081517  
0.7689434988  
1.207268014  
-0.8695724304  
-0.3277455575  
0.7567332101  
0.6398453463  
0.3686059379  
0.5692325166  
-0.4642360835  
0.4601982817  
0.4687530495  
-0.06337647169  
-0.7389276989  
2.842305454  
3.229315291  
1.281880954  
1.36577461  
0.1589529874  
0.7238498294  
-0.2272854526  
-0.3067829083  
-0.2464469427  
-0.1335885167  
0.03306093782  
0.1876891662  
-0.6357525833  
-0.05995196127  
-0.1036277681  
-0.03896074051  
0.364287289  
-0.1413386032  
0.5628029552  
-0.1775371317  
-0.1553341978  
1.899664854  
3.511886231  
0.5241347379  
-0.3875396857  
-0.4273677787  
-0.9311674689  
-0.9689835172  
-1.43884423  
-1.008491474  
-0.5361436001  
-0.9799758183  
-1.872701458  
-1.079718528  
-1.796046283  
-1.667961793  
-1.114512036  
-0.516040102  
-0.3285805346  
0.525114983  
1.13414885  
1.221298852  
-0.6423983362  
-0.6238324044  
-1.172935626  
-0.6845328403  
-1.004804427  
-0.27074456  
-0.4271502685  
0.1260530781  
0.2095365562  
-0.5653720792  
-0.06285878318  
0.8864433434  
0.1412128662  
0.3874921975  
-1.055550529  
-1.121565097  
0.4581267734  
2.884522661  
3.034899848  
0.7457301622  
-0.03281320954  
0.3291437568  
1.993312543  
1.054160768  
0.4880001034  
1.472875823  
1.842901436  
0.01975288705  
-0.4546958843  
-1.029459296  
-1.186428063  
-1.145652788  
-1.375266543  
0.1434479124  
-0.2176094906  
-0.9289359476  
-0.8748593818  
0.1037660609  
0.8204558828  
-0.01390272698  
-1.029787119  
-0.7426901749  
1.331218411  
0.9316957246  
-0.2067872297  
-0.7496618105  
0.9920660709  
1.267738335  
0.3948897308  
-2.644692347  
-0.3745081834  
-0.01068680535  
-0.2361466779  
-0.2077366317  
-0.4210602795  
-1.646975992  
0.3417744864  
1.622502762  
0.5707743861  
-0.5454444899  
0.7750866768  
1.447578669  
1.982460189  
1.655772656  
1.175960609  
1.684534212  
2.346717265  
0.1417828994  
-0.3775889735  
0.2504339095  
-0.3059986161  
-0.930716017  
-1.036731397  
-0.7586615538  
0.4589891361  
-0.08987691688  
-0.6653236148  
-1.005756038  
-0.796949834  
-1.36781288  
-0.6096664844  
-0.6582256202  
-0.03561347798  
0.3323585366  
-0.4629854806  
-1.817030127  
-1.785519084  
-0.8026989407  
-0.2474391743  
-0.9017158254  
-1.155470313  
-1.572861781  
-0.9202892645  
-0.2351760223  
-1.023110213  
-0.2722564009  
0.04372026216  
0.2670215144  
-0.5224788551  
0.4377786897  
0.3256345496  
0.7003643987  
0.5773603967  
-0.4631311177  
-0.4788933377  
0.10879537  
2.702703989  
2.468570064  
-0.2867174733  
0.5276102414  
0.72514213  
1.807983998  
0.4450253029  
-0.8464369232  
-0.738298002  
-0.1218423119  
0.7474617252  
0.1227931933  
-0.6542753935  
-0.361278657  
0.3542736446  
-1.652557271  
0.1172593327  
-0.4322020423  
-0.4212831951  
-0.4433767575  
0.2706460725  
0.5397157113  
-0.05803925147  
-0.3038805943  
1.014967481  
1.990330344  
-0.4322293949  
-0.3348429437  
-0.6525519275  
-0.4425755947  
-1.314801409  
-1.160851679  
-1.065249141  
-0.2360573274  
0.4880900174  
-0.1727670323  
0.5378990736  
0.3321574627  
0.1993477258  
0.00948995014  
2.704761282  
1.422742729  
0.5427221581  
0.9556943816  
0.5644514039  
0.1136580432  
-0.214214702  
-0.1046193974  
-1.383120428  
-1.703618204  
-0.0008265648558  
-0.004725641198  
-0.6641894901  
-0.7236259306  
