2.908743515  
0.9686890573  
1.783175855  
-0.6631512747  
0.439261663  
-1.051783784  
0.552182198  
-1.751608266  
-0.1669831015  
0.3494206228  
1.92637524  
-0.3740234447  
0.2564802676  
-0.6715435073  
-0.4858236165  
-0.6030931234  
-0.2210850327  
-0.7472397276  
-0.9185388195  
-1.122604754  
-1.825633666  
0.2518340177  
-1.020139686  
-0.03544511252  
-1.606578765  
0.3481127872  
-0.362947323  
0.01596065845  
0.3482739311  
-1.07659868  
-0.03101041251  
-0.4964452107  
-1.0963876  
-1.202868199  
0.6257788542  
-0.4958301073  
-0.5970039024  
-0.9481238729  
-0.5588490357  
1.901717201  
-0.1599244951  
0.6531127684  
0.5480735358  
0.2962757127  
3.165401022  
1.109187277  
0.3947925356  
0.08024494071  
0.2644622565  
0.1605679919  
-0.1405801909  
1.510757853  
-0.5387865857  
0.1828371065  
-1.287042057  
-0.6693983061  
1.322820727  
-1.897954391  
0.006319448043  
-1.456570828  
-0.3068580678  
-0.7900453702  
1.126735586  
1.785943923  
1.469444083  
0.1666596841  
0.9519222053  
-0.3186075778  
0.8030720202  
-0.7977700379  
-0.05020610221  
-1.161276184  
-1.351081061  
-0.5133201767  
-0.7522861013  
0.5535999928  
-1.686293738  
-1.101852902  
-1.533137291  
-0.5569301336  
0.4957993371  
1.870589469  
0.6745507062  
1.284737872  
-0.6905819648  
-0.6497716364  
-1.263718392  
0.1107213146  
1.48719892  
2.359056222  
0.5875080832  
1.12583512  
-1.866710164  
-0.1545666119  
1.518069677  
1.454709266  
0.1558496717  
1.298000663  
-0.3037170351  
0.0006751027803  
-1.421347143  
1.998921816  
0.2122741366  
0.374066986  
-0.5977922827  
-0.2935167121  
-1.096878756  
-0.6755576825  
-0.864170744  
-1.883828618  
-0.5291579818  
0.7510510339  
0.1919478259  
-2.030354217  
1.245008727  
0.8460377307  
-0.1763568859  
-1.212458102  
0.647942566  
-0.1205067895  
-0.257461851  
-0.5926784881  
-1.572226209  
-0.2612370141  
-0.6754856931  
-0.447312364  
0.2831895863  
1.821491593  
0.5917273497  
-0.5792337653  
-0.1937157013  
-1.764333475  
0.7493589577  
-0.3892266198  
0.6387751167  
-1.622252378  
-0.8864905377  
-1.216863151  
-0.8158362389  
-1.424872561  
-1.317183207  
0.08726883707  
0.6656415763  
1.296163117  
0.6889705572  
0.5295359362  
1.733668441  
-0.7397304609  
1.391294563  
0.3969557758  
2.175589618  
0.6807160658  
1.565049787  
-0.07605222618  
0.5124609427  
0.05998212663  
0.7935300028  
-0.1450563927  
-1.257460743  
-0.4391728295  
1.125867631  
0.460778982  
0.2582750959  
-0.1642026307  
-0.2995497938  
2.186484918  
-0.1350534487  
-1.508611423  
-1.359289772  
-0.4438911064  
-0.8699066367  
-1.485519938  
-1.608057791  
-0.8601206324  
0.7414818091  
-0.5163457198  
0.9275967264  
0.566575853  
1.875974983  
0.5729846248  
0.9351001211  
0.408105808  
1.76546281  
0.5940640009  
0.8148345109  
0.3045159263  
-0.1841948824  
-0.5345579658  
2.354068786  
-0.08291290059  
-0.0438216086  
-0.1966636419  
0.6217034713  
-1.180389545  
-0.1266819514  
-1.107459313  
-0.3237213602  
2.280320687  
1.080320506  
0.8881729339  
-0.3667062674  
0.2354037958  
-0.8122431917  
-0.1896035789  
-0.3022112436  
-0.4595647477  
-0.6599709899  
0.4605572344  
-0.6008905938  
-1.199342078  
-0.5894416342  
0.08069254021  
1.408417679  
-0.008566205364  
-0.2636089351  
-0.6891868608  
-0.2804429812  
-0.747051295  
-0.6614110795  
0.2873050388  
-1.029293963  
-0.05603514345  
-0.5134588666  
0.2200472816  
0.6468961602  
0.774270156  
-0.6840733636  
0.9416945847  
-0.09022529077  
0.6082184601  
-0.2103839609  
0.1384231662  
-0.4474890529  
0.654062631  
-0.6610522713  
0.4605032567  
