0.6092552086  
-0.3943776559  
0.5591452042  
-0.6971458214  
0.6777494623  
-1.195380832  
1.622588114  
0.1340231484  
1.450461838  
-0.704638359  
0.7797054439  
-0.8333305886  
0.1206065038  
-0.319445411  
-0.4058519497  
-0.007445283776  
-0.3540818601  
-0.9736847885  
0.3371200755  
-0.2945470891  
-0.3711261116  
1.167388295  
-0.2169770406  
1.138716651  
-1.263615215  
-1.128182481  
-0.2150477972  
-0.2031407573  
0.469943369  
-1.181098859  
0.246971153  
0.6327922994  
-0.1593598222  
0.4904834475  
1.042994493  
-0.7836595569  
-0.1600962679  
-0.3217558101  
-1.882661978  
-0.05879719613  
0.1843214001  
-0.7490165409  
0.03861680931  
-0.3828120547  
2.372951991  
-0.4759763068  
-0.1274103363  
-0.9625699637  
-0.2875052549  
1.422635641  
1.174455971  
1.484744102  
0.66241902  
2.2924345  
-0.01241668683  
0.3237565366  
1.870278488  
-0.8476457516  
1.75007123  
-0.2112783972  
0.6173973692  
-0.5348958015  
-0.5897445978  
-0.9768078456  
-0.8028725328  
-0.9828400033  
1.384999003  
-0.4304178728  
0.5933275026  
-0.7508979562  
0.3802353333  
0.3739092861  
-0.7417037882  
-0.284135434  
-1.655786117  
0.8147038381  
-2.370151255  
-0.4169153039  
-1.582728728  
0.8503999139  
0.1577764371  
1.311634554  
-1.400206586  
1.048824505  
-0.7702133299  
0.6982232592  
-0.5936126098  
0.2949477227  
-0.3752483954  
0.5501349518  
-1.669051379  
-0.3612753683  
-1.196435687  
1.099123705  
-1.475320917  
-0.4788586525  
-2.089389819  
0.4048910842  
0.498278427  
2.054365339  
-1.462734485  
1.291313006  
-0.8398069321  
0.1281245698  
-1.138036133  
0.2003650862  
-0.150708555  
1.104809847  
1.897592742  
0.7871737554  
1.772506543  
-0.5413790067  
1.83345102  
-1.224338634  
1.464032546  
0.02330513898  
1.154315382  
-0.4942010141  
1.84193239  
0.3484515173  
0.5141216377  
0.9236499039  
0.03011160309  
2.415885999  
-0.0007268643071  
-1.273037554  
0.1531588102  
0.6736183135  
0.7802402572  
-1.971339823  
0.4701790228  
-0.3211819806  
1.823099315  
-0.1276526019  
0.07045577038  
-1.044260602  
0.8874140947  
-0.6752971209  
0.403662814  
-1.546387666  
-0.02584039243  
-0.8913535313  
-1.147629259  
0.9572570484  
-1.113556915  
-0.2839894591  
0.3877857863  
-1.284799603  
0.7164784211  
-2.286141746  
1.234690324  
-2.361581078  
0.1702308894  
-1.121226773  
1.539822225  
-1.027311072  
0.4276674584  
-1.198454203  
0.1051597042  
0.8793202104  
0.3820152663  
-0.003086099805  
-0.07804103195  
0.7469549775  
0.02317995268  
1.235168189  
-1.648211894  
1.759252065  
0.4514242457  
0.8606925867  
-1.301949271  
-0.09056000351  
-0.8008636007  
-0.006600665116  
-0.2618487417  
-1.094127608  
0.07092371028  
-0.3620553413  
0.5451141276  
-1.178997555  
0.3407581678  
-1.382727844  
0.6846527089  
-0.9827123284  
0.1865572064  
1.185886816  
1.67034265  
0.1461773454  
0.5113481515  
-1.74723275  
-0.4482111893  
-0.6359262929  
2.132570219  
-1.031584035  
1.186949668  
-1.122679376  
0.06271476399  
-0.05285771938  
-1.094864413  
-0.2796115015  
-0.4501230823  
1.036140568  
0.6950098097  
1.912587711  
-0.9371494024  
0.4797395811  
-1.641129332  
0.652311937  
-0.7847892091  
-0.8578489947  
-0.08430736759  
-0.5902686098  
0.1393432082  
-1.040447566  
-0.258003496  
-1.185172202  
0.8098647754  
-0.1698166609  
0.4661830216  
0.3952634135  
-0.4899717869  
0.7453334907  
-0.7230985049  
1.648797741  
-1.269852431  
0.3122344273  
-1.522106381  
2.171217597  
-0.4076511005  
0.2979806126  
0.3637007853  
0.4401234296  
0.1633103188  
0.623006364  
-0.8212302272  
-0.03373896479  
