-1.101794156  
1.517564166  
-0.5166153339  
-0.3889460502  
-0.8566226728  
0.9736283135  
-1.028909715  
1.673098388  
-0.2355623965  
1.849768222  
0.709346643  
-0.2500428955  
-0.8182944723  
-0.6997913925  
0.4904338592  
-0.3656827112  
0.3136720649  
-0.6406556386  
1.278632642  
-0.3097148869  
1.580067148  
-0.5708706924  
0.4997479892  
-0.3029373865  
0.7050654247  
-0.2970369583  
-1.054916988  
-0.8072246794  
-0.5975838549  
-2.158378654  
-0.3725527248  
-1.969143561  
-0.2756535277  
-1.355223135  
-0.5641987255  
-0.1883307771  
0.3263463674  
0.8414254198  
0.2049051024  
0.3469096644  
-1.135815907  
1.706153158  
3.546072106  
0.6228874722  
-1.026575812  
0.8740968499  
0.5440402184  
1.692399445  
0.06759607942  
-0.6239098004  
-2.286177715  
0.4175307116  
-1.848123216  
-0.5244259806  
-0.1249149597  
-0.7962816385  
-0.972276452  
0.04686442459  
-0.9546974346  
0.2146128419  
-0.1844793957  
1.088969091  
-0.100565348  
0.6858440723  
-0.3475047613  
1.862896635  
-0.05691339236  
-0.8297303719  
-2.049133643  
-0.5680294316  
-1.723796688  
-0.6998645079  
-1.056783691  
-0.3305781355  
-1.063099908  
-0.8527854218  
0.184955236  
0.9224621606  
0.5205840528  
0.1381011023  
0.1080423643  
0.112243694  
0.2758707568  
0.5434654995  
-1.047107273  
-0.5085261799  
-1.021266268  
0.4243813957  
1.255849115  
0.830865232  
2.588853192  
0.1612735363  
0.5778778015  
1.05677464  
0.8127575991  
1.326708668  
1.594341885  
1.259980085  
0.6075961286  
-0.3786753107  
1.218541258  
0.3342630018  
0.9378409316  
1.004816002  
-2.289347422  
-0.7128919575  
-0.8530317258  
-0.3285648387  
-1.25604089  
0.3934335964  
-0.1023942811  
0.0865481791  
-0.8372548411  
-0.02130470032  
0.3063726878  
0.3078754832  
-2.092186074  
-1.360765795  
1.121295914  
-1.803513128  
-0.7310929678  
-1.69453617  
-0.1633704166  
-1.039819454  
-0.7566827289  
0.03368407793  
-1.045864915  
0.9767587239  
0.8508497817  
0.803522818  
-0.5195073981  
0.5132154019  
-1.600731476  
0.1204814799  
-1.789190847  
0.1827865684  
-0.4152621645  
-0.03309891041  
0.656899557  
0.7482088328  
1.660820569  
0.1664307981  
1.402283096  
0.05937212634  
1.764074177  
-0.3390342944  
0.6971553328  
-1.272638129  
1.316987051  
0.4114510728  
-0.229229341  
-0.2454020292  
-0.400630062  
-0.00196692943  
-0.4355667922  
-0.07838583705  
0.04823613434  
-0.463419476  
0.2789860357  
-0.5790836697  
0.7295865508  
-0.4903349922  
0.8168972034  
-1.321752778  
0.5781331727  
-0.6664232346  
0.9719646641  
0.03166074062  
-0.2687674485  
-0.4303890156  
-0.3391213464  
0.2572298415  
-0.9128458287  
0.9585954046  
-0.9195895426  
0.7098752751  
-0.4847742524  
0.7464338795  
-0.5395198846  
0.7203441283  
0.1539371787  
0.007918701421  
0.07939616512  
0.5362198602  
2.02339599  
3.61300836  
-1.724909287  
1.256868442  
-0.3172934443  
1.816933  
1.089978338  
1.820030784  
-1.525524702  
0.1610617314  
-0.4884697686  
-0.7636059578  
1.072492296  
-0.68608747  
0.9639078284  
-1.57840279  
-0.3000688758  
-2.021390367  
-0.2846707598  
-0.7604151571  
-0.3065493198  
-0.2174701546  
-1.051478845  
-0.1943873536  
-0.1967527098  
1.838947901  
-0.04393651919  
1.6781422  
-0.02502481741  
1.305174287  
-0.7433816982  
-0.9694904392  
-0.2426880976  
-0.2361226581  
0.8845555187  
-0.8528567308  
1.371224737  
-0.7185872371  
0.04583022179  
0.6116690996  
0.6836409863  
0.6254731209  
0.1667639992  
-0.210596065  
0.2431254765  
-0.81558126  
0.8408514629  
-1.175489129  
0.3406496217  
-1.125275442  
0.8430531421  
-0.7011629929  
