0.5337333656  
0.6847961338  
0.5836933379  
0.8633797031  
-0.245117845  
-0.646724764  
-1.310113615  
-0.896251979  
-0.6657519195  
0.1722630881  
0.131618556  
0.03891298176  
-0.9733480868  
-0.2555100157  
0.05926451156  
-0.007021165493  
-0.5228557008  
-0.2750274011  
0.3454768557  
0.4037615946  
0.3715745175  
-0.2563119003  
-0.7029249245  
-1.229229687  
-0.5493938812  
0.3092297646  
1.338795182  
0.7153594782  
-0.745604653  
-0.09793871823  
1.225286475  
1.848235363  
1.066197786  
0.3073543057  
0.5777513096  
0.7109483025  
0.9417161775  
0.06386783291  
-0.1414983144  
0.1873330113  
0.03926227826  
0.08483864242  
0.05164694305  
-0.1537544977  
-0.3819345108  
-0.8985673  
-1.24125346  
-0.5281579049  
-0.2728582866  
-0.6907148095  
-0.6685021447  
-0.8245996703  
-0.1846491243  
-0.5961878786  
-0.09386172129  
0.5455836468  
-1.622568606  
-0.7412396861  
-0.3450924485  
0.9240809655  
0.6089948879  
0.9025215369  
0.7941407431  
0.3636139902  
0.3413244744  
1.50975581  
-0.3468318603  
-0.3603822552  
-0.4623506924  
-0.2785987872  
-0.5660578255  
0.6832980709  
0.3460617204  
-0.8860254151  
-1.239947743  
-2.403965559  
-1.695129848  
-2.121738858  
-1.811664414  
-1.816624198  
-0.02690397531  
0.2729284824  
0.5921694368  
0.4965824716  
1.539873552  
1.334201334  
1.837184577  
1.939673623  
1.6855103  
-0.4346215873  
0.5898227722  
0.09425719666  
0.466267102  
-0.05228968731  
0.1635116351  
0.5050921266  
2.033395672  
0.3498515131  
-0.6548970946  
-0.4868350419  
-0.3037369136  
0.03555832747  
1.322235826  
0.8644358374  
1.056089922  
0.6135311393  
0.279959109  
-0.3620025726  
-0.6979857574  
0.4602889515  
-0.7857650586  
-1.109827115  
-0.8440638962  
0.2456740572  
-0.8842910322  
-0.8126894854  
-1.544930549  
-0.7650364724  
-1.103897631  
-1.565386363  
-0.7215894453  
-0.3371436285  
0.1427338436  
0.2681151606  
-0.1922246303  
-0.4791848029  
-0.4740305979  
-0.5452332864  
-0.4465223392  
0.3134114172  
-0.5690505108  
0.9463754412  
0.5583256569  
0.1288963359  
-1.25155662  
0.7568196001  
0.9457386557  
1.131320513  
0.9169748091  
1.815502866  
2.460245257  
2.068790289  
2.390593055  
1.095197406  
0.6492333031  
-0.2950085398  
-1.027868054  
0.6154711896  
0.7707245143  
1.031059261  
-0.7566107496  
-1.239236291  
-1.55240594  
-0.7750016606  
-1.696075317  
-0.5370323265  
-1.265295836  
-0.7265474141  
-0.5949333623  
-1.919767039  
-1.689312221  
-2.018881418  
-0.8056493013  
-1.605616461  
-0.9801181447  
-1.285736804  
-0.6987978835  
-0.02582912896  
1.807911406  
0.469796932  
-0.04000095654  
0.4473330292  
0.8857570039  
1.561701501  
0.5009951351  
-0.01332764877  
0.2026492283  
1.289130954  
-0.8795003216  
-1.155358272  
-1.41810813  
0.7911946341  
0.3799125264  
0.02957742162  
0.06363192402  
1.409480603  
0.9967291229  
-0.4269818724  
-0.845187203  
0.7595866609  
0.7300782882  
1.869100592  
0.1682108934  
0.598869084  
0.9551549422  
2.531872563  
2.844645647  
1.910159422  
2.319015325  
0.6471553096  
0.9660093041  
-0.245606928  
0.2754593031  
-1.085772463  
-1.057214302  
-1.336548879  
-0.3800950718  
-1.044593053  
-1.748315878  
-1.257195824  
-1.553424556  
-0.8412976729  
0.2170888331  
1.208824074  
0.962684095  
1.351286975  
-0.1426554799  
-1.262459046  
-1.124477124  
-1.051233983  
-0.8635082389  
-0.6857900988  
0.1828074922  
-1.257249287  
-0.4447311445  
0.3281554291  
1.759635464  
0.7028947984  
1.088111431  
-1.114373376  
-0.09503345353  
0.2530070997  
1.173418336  
0.1274145657  
-0.2695374709  
0.1151375599  
