0.1782098565  
-0.06707828455  
0.2710677778  
0.8289996356  
0.6313212062  
0.1295895372  
0.593532836  
-0.0475059957  
-0.274117086  
-0.5358390664  
-0.1293282857  
0.06216585889  
-1.460206322  
0.03361870459  
0.06983306068  
0.1544135275  
-0.6330550155  
0.2218968647  
-0.1040712724  
0.09802652543  
-0.8770768858  
-0.5600923188  
0.8823021869  
0.9398224273  
0.7737275656  
0.1656882371  
0.8438366563  
0.7172749642  
-2.110542854  
0.4564971194  
-1.45740433  
0.4260355246  
-0.0597372253  
1.991421874  
-1.096218744  
-1.437942442  
-0.3357522582  
-2.661863836  
-0.9323540088  
-1.679638756  
0.1930108852  
-0.7395702961  
-1.73567548  
-0.1732827615  
-0.8311015016  
-2.909657096  
-0.8845194115  
-2.152836111  
-0.09809580178  
-0.8556095823  
2.891455173  
1.300217822  
1.734557901  
0.5283986832  
-0.4045491502  
0.4734234429  
-0.2577995928  
1.091043139  
1.571701468  
0.6939843239  
0.4189403489  
-0.697505849  
0.7216821572  
-0.4274146217  
0.6506889011  
1.507267402  
0.5826893535  
0.6944574273  
0.2659674947  
0.7672247738  
2.091890943  
1.018051502  
4.651433766  
-0.1975671784  
2.470341749  
0.6300728899  
1.826768227  
-0.2204835253  
1.164201287  
-0.6610023112  
-1.125709079  
-1.609874671  
0.6037502701  
-0.7176191597  
1.629386898  
-0.5211541257  
0.4974196539  
-2.107916649  
-0.1880593235  
0.7499319994  
-0.01347429624  
0.08435654948  
-0.4322627345  
-0.38697213  
1.153271581  
-0.7715256725  
1.486954922  
-1.06379783  
-0.1102148623  
-1.073393109  
0.3571936575  
-1.108660994  
1.592857809  
-0.7040041369  
2.67637815  
-0.3894745452  
2.340570819  
-0.1434343304  
-0.5154624093  
0.1859439383  
-0.9835677893  
0.7730558494  
-0.055416725  
1.546245451  
-1.053099388  
0.7594720706  
-1.091026639  
1.335092071  
-2.745865673  
-0.1951747885  
-0.8835070104  
-1.01726043  
0.2150491684  
-1.290261182  
0.005694253393  
0.3197492258  
-0.2531433652  
0.8113967592  
-0.01552517625  
1.051627741  
0.6137427913  
0.6421080298  
-0.7645619393  
0.2160392091  
-0.2821482819  
0.8552890654  
-1.002050236  
0.8259463321  
-0.6260290252  
0.3266556781  
-1.073550461  
0.3767180752  
0.2998486656  
0.4378118668  
-0.9948974155  
0.4276097972  
-0.8167614127  
1.040092966  
-0.8241483144  
-0.1008004435  
-0.5821734126  
0.5294412565  
-0.4350688628  
1.236459549  
-0.3460635465  
0.2479245269  
-1.306828351  
-0.193847909  
-0.3406417702  
0.7215101769  
0.01582580467  
0.2861448641  
-0.4980871706  
0.9350999589  
0.3840335576  
-0.07708172778  
0.8157872774  
-1.208796895  
-0.1242005697  
-1.119066599  
0.514559118  
-0.8560621813  
0.06650795853  
-0.5211517176  
0.7713023159  
-0.3883972405  
-0.8469952312  
-0.2000790284  
-0.7051972713  
-0.4217850189  
-1.142431364  
0.4887459189  
-0.6937862146  
0.8579984582  
-0.1679659221  
0.07721034418  
-0.762918924  
-1.375196795  
-1.661629041  
0.172002627  
-0.9326838923  
0.8314489898  
-0.007258589839  
0.9531313787  
-0.6816502196  
0.6963079774  
-0.874474744  
-0.5054322445  
-0.7856391676  
-0.4117107502  
0.3465482306  
-0.4234612554  
0.9613296145  
0.01287590632  
1.790625312  
-0.7517415915  
1.740109195  
-0.1075156344  
0.4692302316  
-0.9470440481  
-0.4201145145  
-0.09955900514  
-1.153023439  
-0.03751992387  
-1.172693045  
0.949362385  
-0.003023015954  
1.07635245  
0.4984875701  
0.1217954005  
0.2392881083  
-0.1016362171  
2.103449419  
-0.5657619798  
0.6605377116  
-1.170056378  
-0.3264990698  
-0.6414498363  
0.1648070671  
0.7329371688  
0.03736678593  
-0.2363369582  
-0.04632747176  
-0.29214064  
-0.1684655817  
-1.555585948  
