1.235346732  
0.3796196884  
0.4601429071  
-0.390630744  
-0.6907168584  
-0.7576928315  
1.016176618  
0.7428865558  
0.1428266911  
-0.8086026264  
-0.776348696  
-0.7296899359  
0.1859757474  
-0.2936013984  
0.3180698395  
0.9517299564  
-0.3519462008  
0.4847496035  
0.4005666202  
-0.1519604555  
-1.245094153  
-0.4080863771  
-0.9440545322  
-0.8962924335  
-1.85631274  
-0.4610154867  
0.5598480062  
0.8778761887  
-0.1491188039  
-0.1705529334  
0.5916633688  
0.7594095274  
-0.7134790181  
0.4276320513  
2.21187972  
2.912959272  
1.873093015  
-0.3418735432  
0.1127847258  
0.1247417213  
-0.8273578965  
-0.9573611981  
1.635914074  
0.1190915905  
-0.131111996  
-0.6041643619  
-0.3205958659  
-0.5003474189  
0.7124240673  
0.1220995779  
-0.04109331525  
-0.09788747012  
0.7230561479  
0.9210768998  
0.3287450907  
0.540088564  
0.4889341286  
-0.2226737294  
-0.2862977689  
-1.406160765  
-0.4952818759  
-0.4341221769  
-0.01764344992  
-0.8890447649  
0.3625810468  
0.4376075044  
1.151621821  
0.9499000414  
1.0765778  
-0.8563348118  
-1.247835729  
-1.410787831  
-0.1373363464  
-0.001671965415  
-0.6334037505  
-0.2972999481  
0.3715213163  
0.5634976622  
0.07884787709  
-0.5752322856  
-0.4905730919  
-1.200492346  
-1.890765631  
-1.032606329  
-0.04600697689  
0.2576320657  
0.1991965565  
0.3134412473  
0.6896912532  
0.4824564832  
-1.64708635  
-1.092400077  
-0.4013156236  
2.105635996  
1.788352552  
-0.1424611835  
-0.1346925735  
1.354437413  
1.817402406  
1.222848292  
0.5893548718  
0.1760130378  
0.039561773  
0.4174947832  
1.797918735  
1.270853304  
0.4365249119  
-0.4739221803  
-1.121412078  
-1.486615513  
-0.7624149332  
-0.9317450737  
-1.190645112  
-1.315360628  
0.3048687032  
0.9088234649  
-0.257832187  
-1.062800112  
0.1988571772  
1.6792114  
-0.4423648858  
-1.321755686  
-1.892590522  
-0.3129291985  
-0.7330354401  
-2.185897173  
-1.348955168  
-0.2716140367  
-1.219837935  
0.1711193746  
0.8465951573  
0.3960828131  
2.170378357  
1.448946282  
-0.3380604917  
-1.772243499  
-0.3057169329  
0.3993271758  
-0.4622416556  
-0.05158709326  
-0.1768668594  
1.46668579  
1.701108893  
1.67007988  
0.7728356333  
1.770463123  
1.102015884  
1.210672036  
0.6266693491  
0.5646547542  
0.7470871877  
-1.034005966  
-0.9437739384  
-1.063349987  
0.4156798132  
0.2533890047  
-0.6522094762  
-1.630742364  
-2.615466795  
0.4675028923  
0.8790013694  
1.524334093  
1.215518207  
1.45837007  
0.7517765466  
0.4148740391  
-0.4526349744  
-0.09718208097  
0.4785534038  
-0.5821977956  
-1.647753184  
-1.634292789  
0.05475884775  
0.0641299455  
0.2383950698  
-0.5464862667  
-0.5013397454  
-0.5752026582  
0.4359051726  
0.6260695925  
1.647763419  
0.7792708016  
0.7029714526  
0.367630915  
0.6712805454  
0.9752563933  
0.147136701  
0.733816178  
-0.6164548688  
-2.118256291  
-1.453457696  
0.3043960517  
2.432921593  
1.449954496  
1.214599416  
-0.126442574  
-1.142698093  
-0.9653458668  
-1.908319993  
-1.479343616  
-2.19124266  
-1.306395433  
-2.286802329  
-0.8454062474  
-0.522084958  
0.3234608294  
0.779980266  
1.021626739  
0.8268347251  
-0.2820050786  
-0.1419990143  
-0.5334146326  
-0.586981774  
-1.607432898  
-1.675234246  
-1.130120988  
0.495537764  
1.262053849  
0.4396614496  
-1.025743314  
-1.267055946  
-0.8295973526  
-0.09898088078  
0.07203897016  
-0.0516512872  
0.3757380849  
0.7296185325  
1.059201104  
0.2460969939  
1.101544136  
-0.74910522  
0.483969237  
-0.1381259091  
1.245498972  
1.177090296  
0.2872283925  
