1.012146893  
-1.146602349  
-0.3791064266  
-0.3466028114  
2.064620661  
-0.8050972966  
1.756457104  
-0.9037435516  
0.3967988416  
-0.6625223247  
-0.5023730584  
-0.1692924636  
1.00389499  
-0.6567864358  
-0.5526264202  
-0.04921461521  
0.2567767941  
-0.1826740084  
-0.5352280053  
1.019172075  
-0.8068535638  
1.44654381  
-0.7250560748  
1.214393271  
-0.8662216708  
1.137148446  
-0.7936156636  
-0.6429224206  
0.7601957017  
0.1191435701  
-0.06730237347  
1.06503429  
-1.304689068  
-1.468032466  
1.551577086  
-0.1688758706  
-0.5562871597  
0.2566316767  
-0.02428063525  
-0.9435600487  
-1.687777656  
-0.3144600255  
-0.02662196946  
-1.514718864  
0.5814811446  
0.4618130767  
0.7297502667  
1.091783575  
-0.7173115528  
0.3994531354  
0.01892994847  
-0.2499888958  
0.1277915561  
0.5819954417  
-0.4914459778  
-1.358560805  
-0.2848046361  
-0.9076291407  
0.6162502694  
-1.085665466  
-0.3174088397  
-0.7271140237  
0.7387744487  
0.04676782208  
0.99467774  
-1.511416934  
-0.0887942618  
0.2660939861  
1.084676267  
-1.160139917  
0.4749685081  
-0.7352045339  
-0.06681062028  
-0.006991234333  
-0.6802016589  
0.8583089256  
0.2251413552  
0.7751141014  
-0.4687862341  
0.8605915396  
-0.2807958068  
-0.125703981  
-1.252554243  
-0.2635478359  
0.4121279076  
2.030325245  
2.062116362  
0.7646858017  
-1.165173443  
0.2729366764  
-1.181377426  
1.03330812  
-0.9535742149  
0.415707531  
-1.11433655  
0.313509473  
-1.212387322  
1.180725546  
-1.520161627  
0.5001796685  
-0.6147848614  
0.743583679  
-0.4257825731  
-0.05030381006  
1.310986546  
0.317863083  
0.6884420554  
-0.2965258019  
0.6810798894  
-1.214438686  
0.6890604677  
-0.9822227466  
0.6277981843  
-1.22291848  
0.6796297334  
-1.401150756  
1.145204542  
-0.7005784586  
1.253988182  
0.1526338931  
-1.200571073  
0.4014541063  
-2.026236238  
-0.2785384996  
-0.0190511456  
4.800050227  
-0.1830914831  
0.05185086397  
-0.2089934938  
-0.7562353171  
0.4216980021  
-1.348232519  
1.278376053  
-1.947148575  
0.04882230309  
-1.643894094  
-0.1164426927  
-0.2953093326  
0.04572227283  
-0.4123991993  
-0.2428993889  
0.9573747813  
-1.35028829  
0.3756074595  
0.008513507275  
-1.890196548  
-0.06397469267  
-0.9030469085  
1.106650344  
0.2544172341  
1.546846905  
0.0422505936  
1.291329661  
-0.4202606197  
1.072284028  
-0.5886911855  
1.568296704  
1.001784894  
-0.5771181619  
0.9854128816  
-0.7187082271  
1.191011851  
-0.5828981472  
0.8964153451  
-1.01792701  
1.400046333  
-0.7372208633  
0.9982946009  
-0.8402325923  
0.1299404427  
-0.3285597914  
-0.2325608427  
0.3188439319  
-0.6338350466  
0.374884603  
-1.03799282  
0.7818079003  
-0.9669349032  
1.102727101  
-0.2325245846  
1.293961237  
-0.8906806621  
0.3063167652  
0.2774221676  
0.766189414  
-0.8347389498  
0.5573270291  
-1.200282811  
0.6083911854  
-1.760228743  
1.149834175  
-0.7864256851  
2.298768723  
-0.783728535  
0.9666087515  
-0.01414086978  
-0.4987353286  
0.7414407031  
-2.053399029  
1.263849167  
-0.3427558597  
1.80595753  
-1.823448743  
0.7107899906  
0.2614341588  
0.7259237316  
-0.4144254158  
-0.4593821675  
0.5294437469  
-1.647822823  
0.9798390803  
-1.017981086  
0.7180675959  
-2.492704668  
0.2673169794  
0.5600389669  
0.5647611745  
0.3971199354  
-0.9925065454  
1.720894509  
-0.6215623205  
1.50932895  
-1.385914099  
0.9755379087  
-0.5703736473  
0.9240962583  
-0.8468255374  
1.55102816  
-1.289269372  
0.687242873  
-0.8662307666  
0.4946381469  
-1.334809187  
1.386331243  
-1.482188806  
1.128908504  
