1.263241102  
1.184858572  
1.268721958  
0.02231417114  
-0.3975110348  
-0.1283547554  
0.1260175818  
0.1042633216  
-0.2633788683  
0.04553755247  
0.07393398786  
-0.3214654922  
0.08106693523  
-0.4869212932  
-1.332858258  
-1.346165505  
-1.014067465  
-0.8346899638  
-1.008004537  
-0.4495276791  
-0.7573407781  
0.1828974574  
0.1587812806  
-0.1524352857  
0.641547766  
1.128938168  
0.4171359505  
0.05862587808  
-0.4196595418  
-0.9482245196  
0.03603068913  
0.5067879965  
0.2671843054  
0.675526408  
0.5465184773  
0.3580975835  
0.4209189731  
-0.5945223164  
0.9505258627  
0.8394859682  
0.01178076628  
-0.4128544656  
0.8084253526  
0.1592496448  
-0.5968183827  
-1.277169235  
-0.06305082179  
-0.2529109671  
0.1650647255  
-0.7242418854  
1.143471805  
0.7297904513  
0.5900804826  
-0.1041514238  
-1.091238684  
0.5001943316  
0.7938318085  
-1.556979308  
-0.8582147626  
-0.4188499892  
0.4154699067  
0.08498741564  
0.2611117582  
-1.230144927  
-1.71363419  
-1.478001791  
-0.4577191615  
-1.449530806  
0.1931396212  
0.2008875096  
-0.2152012485  
-1.219973441  
-0.4719547567  
0.9653087775  
3.098245628  
2.912389638  
1.575750649  
1.316198461  
0.7516937609  
-0.5009657503  
-0.5256815718  
0.6947234748  
0.9015866167  
-0.2245331282  
-0.422475365  
-0.1576942777  
0.4045196941  
0.4005445664  
-0.1307634334  
-0.8704593818  
-1.290352581  
-0.7505773003  
0.02299734966  
0.4728038459  
0.2869170538  
0.9627697579  
1.502835511  
0.8290620456  
1.102145661  
0.3541726727  
0.2839986296  
0.520059638  
1.589928218  
1.444985254  
1.591376172  
0.9918587461  
0.597702519  
-0.3400938305  
0.5003602285  
1.756613624  
0.9360594587  
-1.188138671  
-1.544258741  
-1.325082829  
-0.5486848279  
-1.010188803  
-1.858940716  
-1.332373046  
-0.9457090485  
-0.6592115683  
-2.17760303  
-1.125473971  
-0.06413765874  
0.3194552074  
-1.046227766  
-1.583759493  
-0.6257238494  
-0.9213234153  
-0.5580235213  
-0.2918973741  
-0.2803054166  
-0.4172338051  
1.186786266  
-0.06132686487  
-1.021961426  
-1.013844435  
0.00892014512  
0.3906228768  
1.140700037  
1.704223634  
1.799839962  
1.496890439  
0.6461891259  
0.6079227859  
-0.2017644821  
0.7423199  
0.4167667258  
0.2170874997  
1.329667194  
2.595909658  
1.994995222  
0.2900885044  
-0.3333080169  
-1.330987931  
-2.480130802  
-1.988398265  
0.4467403746  
2.853239057  
1.79839775  
0.06358641601  
-1.300998676  
-0.8454412754  
-1.512123087  
-1.049929513  
-0.3746931596  
-1.238131454  
-2.322932221  
-1.841851449  
-1.399744348  
-0.7749089542  
-1.393020307  
-0.5779306552  
0.6600614345  
0.5054086023  
0.9603838411  
0.5921789106  
2.00710164  
2.216420201  
1.706503074  
1.057536717  
0.0299090648  
0.207474688  
0.1364550175  
0.1779446198  
-0.5713306004  
-0.4724844932  
0.9435940115  
-0.302146395  
-1.470066036  
-1.494366791  
-0.9954750805  
-0.7648627734  
-0.8013701128  
-1.220240638  
-0.6934824917  
-0.08553972399  
0.581359056  
0.9045489114  
1.816721339  
1.17189998  
-0.2017123146  
-0.3064599526  
0.9417628891  
0.7908481094  
-0.8581515827  
-0.483018636  
0.7926244181  
0.415022216  
0.9024728481  
-0.2697832886  
0.4041196903  
-0.2831682257  
-0.06061716527  
-0.8027258575  
-1.047829307  
-1.750398787  
-0.5961820362  
0.009977933198  
-0.8668546189  
0.07788225118  
0.7127636124  
0.8807182658  
0.9135974331  
0.8294155543  
-0.1142196514  
-1.332028382  
-0.897916209  
-0.133321882  
-0.1653739987  
-0.2256965922  
-0.4557159166  
0.4304051243  
-0.1827496289  
-0.003537139258  
0.5066991377  
1.219704793  
