0.9971234308  
-1.885970718  
1.770087606  
-1.367643689  
1.44354368  
-1.011602041  
0.7247885731  
-1.139337712  
1.028928104  
-1.369399071  
1.585930976  
-1.016848819  
0.2684725166  
0.1786232296  
0.02699913563  
1.011127387  
1.799540851  
-0.4787339895  
-1.69654638  
0.7204135525  
-1.775117342  
1.165970772  
-1.948166963  
0.4773185795  
-1.094362961  
1.121833806  
-1.141232997  
0.1745528234  
-0.04876331816  
0.2426444147  
-0.882825958  
-0.03467033914  
-1.586831712  
1.811863208  
1.72718802  
0.6935377195  
1.718829397  
1.385724152  
1.117867342  
-0.2350295443  
1.386089858  
0.6826899574  
0.918641931  
-1.110333414  
1.458813865  
-0.09954472853  
1.639877416  
0.03584047565  
0.5141772413  
-1.796756354  
-0.4275901184  
-0.5437652745  
-0.5423464855  
0.3286230755  
-0.8826082343  
-0.1079419286  
-0.09493352418  
-1.298866914  
0.3939265355  
-1.752334682  
0.2492467629  
-1.345727831  
-0.1576019052  
-1.696143801  
0.3081454022  
-2.028075957  
0.0801150134  
-1.489177236  
-0.2499618812  
-1.907650269  
0.4189637168  
-1.515388124  
1.285053965  
-0.2383520832  
0.2697369222  
-0.5569840985  
-0.5242911812  
-0.3784718642  
-0.7063893076  
0.1200681841  
-0.1850065599  
0.3509561258  
-0.01593661654  
0.5974338034  
-0.4014023736  
-0.5127628718  
-0.2415735926  
1.204689822  
-1.269720099  
0.384481329  
-1.502931979  
0.5768111847  
-0.8575603122  
0.1381178613  
-0.3909336163  
0.3082578293  
-1.004782365  
0.1359652754  
-0.5691209708  
0.8383059225  
-0.4164781078  
0.008999021523  
0.4948917721  
-0.4768161482  
0.254972029  
-0.8379720957  
1.745173791  
-1.358556936  
1.081978566  
-0.9748676333  
0.368306152  
-0.9396135195  
0.5496354788  
-0.2606695646  
-0.05664127708  
-0.02558920313  
-0.1088384638  
1.002351681  
-0.4418962261  
0.6829948369  
-0.7075328514  
1.637945315  
-1.176145843  
1.544568876  
1.345972144  
0.06569245048  
0.07973522987  
0.7692631398  
-0.2068599026  
-1.155734548  
0.6546573716  
-0.6793558103  
1.138897446  
-0.792991815  
0.9326046959  
-0.9523753351  
1.513017363  
0.587113818  
0.2427845229  
0.4405863197  
-1.196522265  
0.7305012847  
-1.370253684  
1.345438152  
-0.5184910076  
1.032077011  
0.5021530836  
0.2505121925  
0.4400966772  
-0.6385560785  
0.5323442711  
-0.5516075647  
0.4577664499  
-1.086347641  
0.4844861183  
-0.5441214935  
0.2448837946  
1.101720477  
-1.452750155  
0.9829617222  
-1.413305412  
0.8781896194  
-1.356979275  
0.501128974  
-1.400161307  
1.115029284  
-1.068067053  
0.4540852375  
0.156474947  
0.2367031934  
0.2619579593  
-0.8887273867  
0.7923577157  
-1.286120512  
0.5505679214  
-1.064044181  
0.8575641015  
-0.7999648553  
0.8257345708  
-1.148536611  
0.48598183  
-0.1583065941  
-0.2290801062  
0.7077056718  
-0.6950408737  
-0.570746411  
2.277481907  
-0.4869394195  
1.152617515  
-0.5777383973  
1.099163118  
-0.835805417  
0.8521264846  
-0.3663414227  
1.515684016  
0.5134097443  
-1.165459153  
1.588799938  
-0.5217402177  
1.707939489  
-1.364861766  
1.191009311  
-1.24283617  
1.625218011  
0.2990690654  
0.9385941855  
0.6346180602  
-1.350481557  
0.5685939987  
-1.51571658  
1.250513146  
-1.574436818  
1.133579474  
-1.194140039  
1.095761465  
0.1081270218  
-0.9872581544  
0.8075905791  
-0.6836345382  
0.7037524952  
-1.280509324  
1.401062263  
-1.692822234  
0.8763510845  
-0.529310176  
0.6498072369  
-0.1727319713  
1.500732202  
-1.536500869  
0.6713023938  
-1.023842472  
0.9807612467  
-1.248128497  
1.241467106  
-1.073078504  
1.273395967  
