0.52922983  
0.2574334826  
-0.4508005964  
-0.9368351071  
-0.0989508174  
-1.254130417  
-0.04731082777  
1.318769927  
2.541484861  
0.9625233783  
0.5786175072  
-0.7994880519  
-0.4582725722  
-0.9455156703  
-0.08181342329  
-0.0892973133  
0.4563360754  
-0.8736275765  
1.330703836  
1.699414723  
0.9064602487  
0.1407463019  
-0.3335426093  
0.278294609  
-0.9499126508  
-0.5357726591  
0.2359078201  
-0.9167425971  
-0.6542972982  
-1.807011435  
-1.00468905  
-1.436681505  
-1.596695154  
-1.071733615  
1.356783781  
-1.220880758  
0.7448967337  
0.5654330089  
0.7447996308  
0.6770675507  
-0.8611887765  
-0.3879267288  
-3.603373457  
0.9352484326  
1.920258983  
0.6626204305  
-0.03277074678  
-1.105399399  
-1.490280283  
-0.7659753255  
0.2588480049  
0.6276734838  
-1.462253875  
0.2267386725  
-0.8413840613  
-0.6741882071  
1.383487124  
-1.199046135  
0.09279885637  
-0.6371406797  
1.346336653  
1.717923222  
1.449501202  
0.3018502862  
0.1901485305  
0.1090260997  
0.3803025543  
-0.9545825713  
0.2014422262  
-0.968539247  
-0.1439261457  
0.0180987096  
-0.6651156358  
-0.0482982119  
-0.9021932827  
0.6414841643  
0.3498853617  
1.86525621  
1.656028989  
2.370503421  
1.509300025  
1.107486043  
0.06373340132  
0.2032850442  
-1.751678123  
-0.8286404835  
-1.824042391  
-1.541276698  
0.7172327282  
0.7725718481  
-0.6800851682  
-0.5793423871  
-0.6154226998  
1.287447362  
0.4146244747  
0.3794982091  
-1.31328488  
-0.4552884633  
-1.911147532  
-0.06463649809  
0.2843490981  
0.808450226  
-0.2899710763  
-0.6332967121  
-1.720210141  
-0.858210652  
-0.6038791537  
-0.5224919271  
0.09734812972  
0.2407940474  
2.195233359  
0.2635848811  
1.350623073  
0.1914277254  
1.453905922  
-0.3324159891  
-0.7813022698  
-1.697498492  
-0.7788325783  
-1.242455581  
-0.5996764422  
-0.7318493808  
-0.9513044758  
-0.0802513895  
-1.083038343  
0.3313831345  
-0.282241557  
-0.4925106395  
2.519605847  
1.152083451  
1.469227957  
-1.099326296  
0.2469444561  
-0.1266883759  
0.6400032085  
-0.7633143229  
-0.350677842  
-1.34886169  
0.1066608375  
0.6672212106  
0.7536303214  
1.249503252  
0.5032822766  
0.6299628283  
-0.2431485665  
-1.068405054  
0.02436451446  
-1.373004287  
-0.01573367187  
-1.268147588  
0.7706976884  
-0.182165417  
0.3681975262  
0.2210176885  
0.9491729375  
-0.004414517654  
0.3765333396  
-0.1672589228  
0.9815319092  
2.001026884  
0.4602415211  
-0.1445533674  
-0.4507590979  
0.5668711549  
1.268844912  
1.03207127  
0.5733752733  
0.7279405338  
-0.1664717372  
1.854690929  
1.422579826  
1.349608952  
0.009735282126  
1.580160786  
1.579091613  
0.7860533325  
0.5091796455  
0.07954501771  
0.3451135775  
-0.6698004052  
-0.3484179579  
-1.06240671  
0.09141238669  
-0.5214199885  
-0.4814972547  
-3.352664273  
0.5885535374  
1.347278555  
0.6906724977  
-0.8689426793  
-1.109885011  
-1.997083341  
-0.4495590166  
-0.1996691751  
-0.165162078  
-0.5949864413  
1.011569593  
0.3453885776  
-0.09564329391  
-0.6824308054  
-1.571673074  
-0.2161667937  
-0.4246823655  
0.5694401063  
-0.4170818483  
-0.1106680726  
-1.581267384  
-0.06606745829  
0.4238199107  
0.6842761047  
1.313096124  
1.432893031  
0.7724738295  
-0.2344012139  
-0.6004891666  
-1.505492511  
-0.4630855964  
-0.021974558  
-0.4130700683  
-0.02696395631  
0.08371919018  
-0.2865784501  
-1.466024737  
0.5559570083  
1.579011779  
1.654828734  
0.9356759672  
1.079239906  
-1.353792562  
-0.2371585673  
-0.501229195  
-0.03319275592  
-0.194344255  
0.1669186284  
-0.2707718509  
0.1179013411  
