0.8522266513  
1.105832694  
0.06468950511  
-1.527033453  
0.5005723467  
0.5359596433  
0.4901095818  
-0.164093025  
0.9480631005  
-0.7781110822  
0.8450071468  
-1.47756621  
1.487057298  
-1.41272946  
0.9713258463  
0.007134387968  
1.401006317  
-1.033358798  
-0.1181558454  
-0.1876210159  
0.3589963653  
1.204667301  
-1.186655121  
0.4862557884  
-1.553561596  
-3.983653347  
0.2489156308  
-1.079637158  
1.416822859  
-1.303929324  
1.523593622  
-1.620499702  
-1.290421498  
-0.8366447887  
1.541565622  
1.253325416  
-0.6717088564  
2.049444533  
-0.6121224027  
2.604720049  
-0.5271265559  
-0.9676462605  
0.5532898798  
-0.8721785942  
0.5493010382  
2.323303684  
0.08794071164  
1.074263323  
0.448737015  
0.156777268  
-0.8897586073  
0.7189560439  
-1.075849353  
1.185457833  
-0.2911931788  
-0.8879651319  
-0.1898058185  
-1.018071032  
1.05202167  
-0.8839193484  
-0.1417239101  
-0.01290360406  
-1.266668414  
-0.5901398929  
0.8462643059  
-0.8114877559  
-0.02917236926  
-1.547587581  
0.5148090413  
-1.048754564  
-0.378787621  
-0.586432123  
-1.823803057  
-0.4786494184  
-1.244249831  
-0.3832164087  
-1.448818913  
-0.06876993645  
-0.7438795782  
0.08131424217  
-0.9308498754  
-0.183318443  
0.03302791417  
-0.05803462836  
-1.573141166  
0.204813813  
-0.1802548891  
1.735894554  
-0.4543856546  
1.385155352  
-0.5685597373  
0.2611071014  
-1.268570384  
-0.4039280686  
-0.4980617174  
1.176595248  
0.4534073288  
0.5055110002  
0.3064431702  
0.1606977303  
-0.8161233024  
0.8611533753  
-0.5557304268  
-0.2713364044  
-1.665244791  
-0.5176749079  
-0.5245770539  
0.1099435027  
1.542601036  
-0.4243873743  
-0.001201148135  
-1.036373674  
0.899512533  
-0.4807519698  
0.02751804952  
0.5485778703  
1.375698928  
0.07813735902  
0.9892045665  
-0.3096768176  
0.7444846759  
1.349244639  
-0.1498018483  
1.053108314  
-0.882109712  
3.561607526  
1.745909933  
0.696396337  
-0.8017120817  
-1.559462585  
0.4301043597  
-0.4924348989  
1.697857949  
-0.5084411344  
0.07714451739  
-0.8807043503  
0.4186270276  
-1.428391066  
0.5015339638  
-1.101845689  
0.9137646418  
-0.4446114322  
-0.4030249642  
0.8716635168  
1.110522371  
0.2211458365  
0.3423276356  
-0.9911609582  
0.6121343187  
-0.6372646042  
0.1713975597  
-0.4392761211  
0.3282128528  
-1.829498264  
0.0453709681  
-0.9337749934  
1.113637616  
-0.8973643639  
0.8705625493  
0.2670251483  
-0.2015191005  
0.3823509485  
-0.3134249965  
0.1395640521  
-1.263416715  
0.9940898347  
-1.66879547  
1.125707119  
-0.7906997479  
0.3950643583  
-1.824891304  
0.5429831844  
0.2962507086  
-0.9396819171  
-0.4974017173  
-1.231590296  
-0.3499901327  
-1.175967137  
0.9346214763  
-0.9564269497  
1.49820393  
-0.3545019468  
0.8555254767  
0.2172737108  
1.371471052  
1.595177756  
0.6775809192  
0.4352314026  
1.618550125  
0.4316868525  
0.6157176027  
-0.7855991924  
0.7641691224  
-0.6785640184  
0.6416701028  
-0.883149226  
1.725681572  
0.1686038391  
1.435945592  
0.6651951566  
-0.7337556571  
0.5236258137  
-0.4684886394  
1.074945216  
-0.3986480618  
0.2520583022  
-0.8120667018  
1.27915298  
-0.2873804232  
-0.8541833565  
0.1420840654  
-1.399006892  
1.834375029  
-1.373753343  
0.4148508724  
-1.807594648  
0.8898091431  
-0.5051274829  
-0.6770055722  
0.9278816503  
-0.5264505182  
1.177450556  
-0.8984725507  
0.6057080093  
-0.9540070232  
0.9618100568  
-0.3086185193  
0.8028019192  
-0.4332727363  
0.4360204429  
0.3942836599  
1.114066489  
-0.9994096852  
0.2312692143  
-0.888626024  
0.5115889739  
