0.9508612645  
-0.2048224838  
0.2434350847  
-0.3227024965  
-1.743964422  
-0.96652481  
1.309358938  
0.3918200553  
0.5240345311  
0.306757105  
-0.2534205369  
-1.120770602  
-2.124905507  
-0.5882380509  
-0.2947907297  
0.8615875103  
-0.2168199677  
1.57296374  
0.5335122287  
0.2582907472  
-0.05864588298  
1.49575389  
1.676492405  
1.040987627  
1.227134678  
1.915285505  
-2.095214612  
0.1156744394  
-1.19998192  
-1.237388429  
-0.9924142971  
-1.334877307  
-2.049079485  
0.1626526573  
-1.957464094  
1.71410383  
1.115192419  
-0.2611867862  
0.2757805515  
0.04492534398  
-0.2256475745  
-0.712582928  
-1.13970351  
0.7190519558  
0.5886760913  
0.4334201304  
-0.02667336074  
-0.7473727922  
0.29153044  
-0.7762993243  
-1.178539802  
0.07108795447  
0.005057820004  
0.01778264793  
-1.380478844  
1.730332694  
0.8583526408  
1.2105491  
1.578756275  
1.260544794  
0.9033030864  
0.3909570651  
0.2708500802  
-0.3957769878  
1.055404036  
0.2679620017  
0.755154835  
-0.5199989249  
-0.9087570708  
-1.927333016  
-0.6469201897  
-1.648533506  
1.60564136  
0.7471325168  
1.431071449  
1.442764446  
0.5347296602  
0.452488477  
0.4288518247  
0.9210031498  
0.6563283744  
0.3103500183  
-0.06449426882  
-0.0927425609  
-1.451064114  
-2.100668784  
-1.41941162  
-1.955049427  
-0.2172639342  
0.3556880061  
-0.9790936845  
-0.2752562581  
0.1498448566  
1.196142564  
0.1848490093  
-0.2251714209  
-0.7798712148  
-0.08934352195  
-0.2700005935  
0.7493247821  
0.8061504424  
0.4751006451  
0.1755055248  
-0.3646133574  
-1.345358787  
-1.503439225  
1.106682711  
0.9817221342  
1.420160204  
1.044427511  
0.9653928381  
-0.7981885393  
0.3308289273  
0.08356546232  
0.7136450814  
0.2199269965  
-0.59510084  
-0.3031022792  
-0.01180340061  
-0.6861132949  
0.8962718351  
1.730162191  
0.1750152038  
-0.01555204151  
1.149371003  
1.763701663  
-1.924496955  
0.132803158  
0.1632870114  
0.2054543369  
0.2183102629  
0.7444517216  
-1.269710921  
-1.225847325  
0.9130554275  
-1.773523324  
-0.9868388849  
1.380526127  
1.036458118  
0.3230793599  
-0.1663203768  
0.6825381789  
0.3214035726  
0.7151096651  
-0.8354809047  
0.1623391313  
-0.434677505  
-0.8983385371  
-0.5496955175  
-0.2498528629  
-0.07578683514  
-0.6947659438  
-0.8864135602  
-0.6388888318  
-0.1696629232  
-0.8278021679  
-0.3485598833  
-0.2946207919  
-0.5096987758  
0.6231806934  
-0.5120981247  
-0.122212365  
-1.167697644  
0.3053426405  
0.2564229889  
0.3920449979  
-0.7011159474  
0.3369522578  
1.191221864  
1.033624243  
-0.02636555811  
-0.1257239563  
0.145347253  
0.1754672046  
0.3871855651  
-0.03148428806  
-0.09836038287  
-0.4564215995  
-0.1957263063  
-0.287561776  
0.245553331  
0.07497634879  
0.2415212519  
0.08052783804  
-0.1620500727  
-1.36547781  
1.222992769  
0.9933575365  
0.1543760068  
-1.072938019  
-0.5662581636  
-0.5972718822  
-1.016101171  
-0.4461850081  
1.096169154  
1.107714163  
0.02048395818  
-0.4415622267  
-0.7577374313  
-0.9319247331  
-2.553255872  
-1.461146162  
-2.170028453  
0.7360188577  
1.30757542  
0.8800624306  
1.668963002  
1.235677119  
1.140113931  
-0.02800442641  
0.2724671007  
-0.1925859132  
0.3573149458  
-0.7342438004  
-0.6133971926  
-1.395627875  
-2.160813491  
-0.7276079979  
0.3750702301  
1.425166497  
0.4017040155  
1.91273357  
1.991593024  
1.680432065  
0.4107480043  
0.3142961793  
0.5158490247  
1.21866551  
0.6719850626  
1.151074528  
0.6661700886  
1.066877846  
-2.094907988  
-2.126616437  
-2.326912273  
-2.604117065  
