0.3544841336  
-0.1796345005  
0.7421930428  
1.312930269  
1.379796092  
0.2388793749  
-0.2941048247  
-0.6476625655  
-0.5887704555  
-0.4867046341  
-0.2638905775  
0.6546094659  
0.7407676363  
1.102555019  
0.7186310508  
0.9387616704  
0.6657843492  
0.1671504124  
-1.204002012  
-0.9657515679  
-1.528087619  
-0.8336213206  
-1.105772447  
-1.6342151  
-1.663969725  
-1.772820245  
-1.600094846  
0.3304398036  
-1.1048925  
-0.4952353206  
-0.8082977977  
0.5421579484  
0.1318164335  
0.9264923993  
1.137982337  
2.18018612  
1.294693394  
-0.2031957934  
0.6441544749  
-1.088867215  
-0.3072872733  
-0.2041318264  
0.4542166323  
0.5870083752  
-0.2669974944  
-0.8631936665  
-1.244697583  
-1.367633309  
0.6686223976  
0.1705123235  
0.1200877873  
-0.5353478043  
1.438534738  
0.6638715491  
0.3238450769  
0.583511721  
-0.7501114098  
0.01373573484  
0.2334964618  
1.387768979  
2.642335714  
2.008494294  
2.542868411  
0.6347472029  
0.06373293739  
-0.4016195416  
-0.2666256054  
0.1734141478  
-0.01289829945  
-0.4673201813  
0.4416901475  
-0.009109967448  
1.124703592  
0.6496006936  
1.150708436  
-0.5030449921  
-1.381427702  
-2.244842312  
-1.972172295  
-1.320974247  
-0.5952075839  
-0.628729166  
-0.7246691959  
-0.8989688788  
-0.2862112309  
-0.4501538415  
-0.6896883571  
0.4678752605  
0.6353826199  
-0.03328754555  
-1.041132372  
-0.6010888694  
-0.1477164411  
0.8902835014  
0.4487687536  
-0.8064619105  
-0.5907319056  
-0.2818595958  
2.261588683  
0.8908641882  
-0.1723241801  
-1.313613146  
-0.7412201268  
-0.6896539445  
1.025053701  
0.07650197319  
0.4117082331  
-0.4204800879  
-0.08996667607  
-0.6643614933  
-0.671944063  
-1.203006386  
-1.216161037  
0.5926421674  
0.5737504788  
-0.4885071492  
-0.8919603719  
0.4520609351  
1.476057168  
1.817644364  
-0.5376282296  
0.5239025012  
1.81145143  
2.550977327  
3.646171923  
3.035145353  
0.4054365419  
0.414506219  
-0.8991864744  
-0.8759136403  
-1.209632273  
-0.6697210262  
0.9188596161  
-0.6304374434  
-0.9300440067  
-0.4640812116  
0.9642623846  
0.8471607634  
-0.120398816  
0.2361795828  
-0.5463082628  
1.382439964  
1.318841282  
1.402572252  
0.8739323968  
1.022828361  
-0.8259717088  
-0.2028972659  
-0.8475927259  
0.01785881768  
-0.9113543274  
-0.6321065047  
-1.904352171  
-1.519409928  
-0.8946409929  
-0.557537925  
-0.5491778004  
0.2979346874  
-1.248641791  
-0.09992944207  
-1.164951908  
-1.066826364  
-1.521357327  
0.4517244211  
0.847329249  
-0.03449673465  
-0.8930823617  
-0.8921427458  
0.5578927466  
-0.09737772461  
-0.566958856  
-1.421935075  
0.3401783196  
-0.2724141216  
-0.4587191102  
-0.6406359654  
-0.2377547888  
-0.2350482222  
0.1782217611  
-0.6459423872  
-0.9759491074  
-0.5471286767  
-0.3198736816  
0.02141962504  
-1.016579842  
-0.6908437083  
0.7393517742  
0.2200204147  
-0.3054131128  
-0.4074201939  
1.151860545  
2.016592252  
1.422607068  
0.8312573033  
0.3831397131  
0.879329304  
1.274222782  
1.913592898  
0.6624674236  
0.6395227556  
0.1037012667  
0.7059767332  
0.7738524474  
0.1924775031  
-0.6823903185  
-1.252261846  
0.207417054  
0.2871815329  
0.6487078552  
-1.362867818  
-0.14255067  
-0.6922027263  
-0.7676859262  
-0.04487553923  
1.194943886  
2.378099163  
0.9711879929  
0.2825934048  
-1.244621862  
-0.8117887444  
-1.297536757  
-1.290082242  
-0.587942413  
-0.005661464908  
-0.1514487054  
-0.8335609555  
-0.07425610604  
0.4287304372  
-0.08007668108  
-0.08292005985  
-1.662245123  
0.2726351402  
1.6110513  
1.549111488  
0.3597189498  
-0.985808646  
