1.831691156  
2.745239821  
1.136497779  
-0.4318158072  
-0.8799222896  
1.118671992  
1.20965226  
1.344406198  
0.5248956054  
0.7170577307  
-0.1423909351  
-0.8080604105  
-1.424447325  
-2.160893887  
-1.21484176  
0.2103007759  
-0.6833027568  
-0.6511665188  
-1.331629281  
-1.693933264  
-0.7357751162  
-0.53535749  
-1.118491576  
-1.986507935  
-0.6169966153  
0.006651735361  
-0.9649922417  
-0.4442227012  
0.1279754736  
0.3288340032  
0.2889601382  
0.3952477858  
0.3281311053  
0.5095423424  
0.6304323752  
0.4250101696  
-0.4062061043  
0.1729735574  
1.355379248  
-0.2322927352  
-0.3454123928  
-0.4616953048  
-0.5870297217  
0.5817614756  
-0.09348628643  
-1.195160598  
-1.176934696  
0.08812326201  
0.5397733532  
-0.5664261741  
-0.1780655059  
-1.399243034  
0.01727043468  
-0.2912048795  
0.4285675453  
0.6421152385  
-1.36240946  
-0.7595815202  
-0.9544139614  
0.8728909009  
0.1852782058  
-0.2312873921  
-0.4022586059  
0.2159223342  
-0.2942882737  
0.3496317972  
0.759083634  
1.657168717  
0.1707741198  
1.254351142  
1.431525923  
0.8763938337  
-0.3366324513  
-0.5252683589  
0.2850957815  
-0.6727091469  
-0.02204350265  
-1.10444215  
-0.852346312  
-0.4116820039  
0.4545604455  
0.02703400458  
0.4076337698  
-0.8993100952  
0.2684861203  
0.7153522145  
1.849801055  
1.643464813  
-0.03184205045  
-1.904925993  
-0.4304780899  
-0.4539727777  
0.719153187  
-0.7607773843  
-0.8862417984  
-0.3791914232  
0.561204293  
-0.1663130066  
1.748413336  
0.6745629596  
0.3283444596  
-0.5065550385  
0.1607696902  
0.5839680971  
0.6529724417  
0.5264217331  
0.6010355136  
0.7915656564  
-0.1198855714  
0.3136284484  
-0.8925874049  
-0.4003361938  
-1.362164936  
1.028660853  
1.122365815  
0.4104832745  
-0.4634662083  
-0.1604443817  
1.003967343  
0.6902083068  
-0.02108207323  
-1.606661176  
-0.4933909369  
-1.890562739  
-1.481281197  
-1.575314813  
-1.526380445  
-1.665026736  
-1.229056211  
0.6434630878  
-0.4312027858  
1.291524869  
0.9771152205  
2.071406752  
1.271883708  
1.061995297  
-1.117956554  
-0.5253125761  
-0.4438486377  
0.1422526422  
0.4476685652  
1.296594318  
1.018340718  
-0.2880143677  
-0.2728113812  
-0.03064101799  
-0.830182425  
-0.2091656992  
-0.7367938461  
0.4678316472  
-0.3769106829  
0.816185583  
0.2025603041  
-0.3329569704  
-1.351268758  
-1.041922182  
-0.6348159601  
-0.1085677805  
0.09063662351  
-0.4568856353  
-0.3856288343  
-0.7663599728  
-0.7234145418  
-0.3241556997  
1.013813008  
-0.530165423  
0.5924248327  
-1.195876124  
0.08072446498  
0.6366966368  
1.181566068  
1.473850745  
2.025313802  
1.166576959  
-1.422271596  
-1.475686992  
-1.703798125  
-0.4309086751  
-0.8970797925  
0.7679904526  
-0.9884729039  
-1.143860636  
-1.739528838  
-1.147151539  
-0.4835308907  
1.621432449  
0.8909319872  
1.621862624  
1.64399683  
2.74389908  
2.050036111  
3.672227494  
1.33869485  
0.9765004249  
1.101939294  
0.6171681039  
0.6580119626  
0.7397448669  
0.494840389  
-0.4607571433  
0.8038229312  
-0.1443940304  
1.799439166  
0.2880846536  
0.6970536755  
0.6436909768  
-0.1177715528  
-0.3327134207  
-1.619642839  
-1.117109191  
-2.873471915  
-1.306499105  
-1.858681736  
-0.9978894482  
-1.37662131  
-0.1479066601  
-0.3369145021  
-0.7270386692  
0.8804957036  
0.0423224084  
0.6772055109  
-0.5710812124  
1.726844375  
-0.3538039953  
0.2929432177  
-0.2570583652  
-0.2951277498  
-0.7109202542  
0.6023048805  
-0.4559943283  
0.5835909891  
-0.2237497494  
0.4962819048  
0.1982060865  
0.8819489982  
0.255537152  
