2.183485549  
0.6117954864  
0.899653369  
-0.2528341926  
-0.9715280492  
-0.06504167701  
-0.1324600825  
-0.02978314845  
-0.0757340744  
-0.08294347253  
0.4049201026  
0.2483253924  
-0.8927220926  
1.031186218  
1.900408975  
1.597244543  
0.4029178316  
0.1357998751  
-0.8409940796  
-0.8066421923  
-0.7296977361  
-1.693907146  
-2.601003033  
-2.14535441  
-1.271444166  
0.8404775204  
-0.008937105592  
-1.134907963  
-1.072804616  
-0.3363095168  
0.4032118666  
-0.4684085562  
-1.234982405  
0.2030598205  
0.8097840556  
1.631980745  
1.029899179  
-0.5986066816  
-0.5742586714  
-0.2025827193  
0.752496638  
0.7767699742  
-0.6208403757  
-0.7907253703  
0.06445483339  
-0.4489340972  
-0.5743888537  
-0.5051431603  
-0.6378119238  
-0.5743371016  
-0.827130288  
-0.848537112  
0.7130497269  
-0.2560667643  
0.2017482171  
1.43173009  
-0.1168910578  
-0.08956985831  
-0.2993967086  
0.2392854639  
0.8358525999  
0.7340181093  
0.4031528302  
0.28210901  
-0.3897517854  
-0.9530906457  
-0.4678540721  
0.1308828751  
0.5751103301  
0.4572263839  
0.910416318  
1.466739366  
1.44665631  
-0.6244854282  
-0.5682582693  
-1.314183428  
-0.1991870556  
-1.413204431  
-1.362942865  
-1.977912463  
-0.3305206949  
-0.09478821383  
-0.2581147194  
-0.7237244955  
-0.2635620892  
-0.03335656106  
1.490990635  
2.835164226  
2.326685952  
-0.3157631095  
-0.4720737083  
0.08263380974  
1.160481692  
0.2584020096  
0.4313492618  
0.3686273907  
0.6956871181  
-0.4981466792  
-1.354331457  
-0.07665890379  
-0.8436445185  
0.1058820285  
1.781938461  
2.255620578  
2.319804362  
0.4888033431  
-0.2576877594  
-1.106624075  
-1.122504411  
0.02905716908  
-1.545154926  
-1.622219402  
-1.298519194  
0.06983025748  
-0.2548610465  
-1.211777865  
-1.638631075  
0.5601107935  
0.6208648106  
-0.3433731653  
-0.0517439677  
0.9422353408  
0.4820992576  
0.3444973371  
-0.2059571192  
-0.2134092694  
-0.2997368204  
0.2664965765  
-0.5176694898  
-0.5829928117  
-0.9258600728  
0.1218528289  
-0.4240259754  
-1.197113265  
-2.027789398  
0.004468818897  
0.2320138753  
0.7022055676  
0.8726306939  
2.616166647  
2.605676004  
3.070250282  
2.985649698  
2.251926752  
0.8942256961  
-0.2973155813  
-1.556721328  
-0.557193866  
-0.1460590475  
0.2892736806  
-0.9391726155  
-1.10203233  
-1.503769084  
-0.8503836431  
-1.641058965  
-1.015663525  
-0.9160132798  
0.03657510142  
-0.5481601216  
0.4315826018  
1.2159795  
1.603564965  
1.106292825  
0.08168749939  
-0.7931504479  
-0.6328272618  
-0.1037799198  
0.2466558123  
1.37849269  
-0.5399644886  
-1.115546947  
-1.13522016  
0.3633382931  
-0.4883303016  
-0.8806312971  
-0.8503912296  
0.02888176403  
0.3855015025  
-0.1920434359  
0.9758014004  
0.4488569483  
1.368533981  
1.187861335  
0.7052231237  
0.6861199325  
1.738896665  
1.126140254  
-0.9345614279  
-1.088204356  
-1.213137163  
-0.4563086245  
0.6371229035  
-0.2696456021  
-0.6752794789  
-0.9528100232  
0.07837597252  
0.3639184174  
1.400590758  
0.9840207914  
1.086036725  
-0.4573554732  
-0.3940832573  
-0.3366055045  
-0.6312989898  
-0.1791844267  
-0.1248207906  
0.2673126471  
-0.05993998955  
2.034501055  
1.508660007  
0.02800768154  
-1.292143328  
-0.8178156485  
-1.124789597  
-1.43484111  
0.09684665612  
-0.3829210572  
0.09456758457  
0.1470124107  
0.03867158651  
-0.2925887091  
0.1976507302  
0.9632912157  
-0.06332800722  
-0.8083008278  
-1.084859411  
0.1877109044  
-0.6737891668  
-0.386895121  
-0.4197563624  
-0.687065462  
-0.1811913971  
0.6881059388  
0.9826744492  
1.125950416  
1.079348747  
