-0.9196540939  
1.057589441  
0.4799201464  
1.796319619  
1.134800773  
0.8888239861  
-0.7566120422  
-0.4837095392  
-0.477365285  
0.5407546082  
-1.419705658  
-0.5025799352  
-1.119924454  
-0.9823213592  
-0.2310823506  
-0.5068346564  
-0.02921429318  
0.8526133108  
-0.2262118987  
-0.7226580128  
-0.4158395621  
-0.4658863527  
-0.6245938061  
-1.67049194  
-1.458472082  
-0.6302989416  
0.8959719123  
2.900774966  
0.9112341823  
-0.1444246676  
-0.01343607491  
0.02828254859  
-0.06250393223  
-0.3342060625  
0.6323231717  
1.186236915  
-0.1011737207  
-0.1457668297  
-0.4081049197  
-0.9247515245  
-0.2546794642  
0.3572801922  
2.758522411  
3.740807569  
2.241186916  
0.97682871  
-0.7620303763  
-0.2815351317  
0.4269122933  
-0.3078636151  
-0.3071663537  
-0.1361981933  
0.6295534739  
-0.04628435682  
0.6400388764  
0.4609550622  
-0.3374865158  
0.2404143256  
-0.7852443695  
-0.5413760951  
-1.08434261  
-1.191745835  
-0.429352484  
-0.9424046954  
-1.269686744  
-1.023719743  
-0.9054372436  
-1.067348113  
-1.791223254  
-0.971744649  
-0.3596671835  
0.2191142857  
0.9120764105  
0.6874171613  
0.682522464  
-1.076297966  
-0.9114344328  
-1.485601097  
-0.6750899064  
-0.9120165565  
-0.5834689967  
-0.8862230046  
0.01090262608  
-0.3769781712  
-0.7143942753  
-0.7887620184  
1.001985472  
3.607804796  
4.821069027  
3.468778672  
1.650174529  
0.2542418298  
-0.1860064725  
-0.688204539  
-0.6250402889  
-0.3715674457  
0.0624164535  
-0.2664991114  
-0.2928462844  
-0.723738091  
-0.8369193271  
-1.128125447  
-0.3991698014  
-0.6142352321  
-0.3492449208  
-0.8314438799  
-0.6700494015  
-0.7233748773  
-0.7362993121  
-0.6428932282  
-0.8127035475  
-0.5306444825  
-0.6041264522  
1.019052321  
-0.09374542228  
-0.02128025932  
1.15921576  
2.354445329  
1.356475181  
-0.2715860823  
-0.8193829163  
-1.427892604  
-0.2855463685  
0.2465098256  
-0.1722134214  
-0.152589797  
2.046716112  
3.244558945  
1.038920588  
0.2987366876  
-0.8263845878  
0.1122478191  
0.06515266341  
-0.09451661409  
-0.7748422068  
-0.3852841348  
0.6143440482  
0.2249565307  
-0.3630083031  
-0.49502882  
-0.2943735989  
0.6006099629  
0.2588051413  
0.342458519  
1.366003813  
0.8740560713  
-0.5264417532  
0.1708012244  
-0.8144807191  
1.191842225  
1.36997285  
1.34400815  
-0.08914582926  
-0.4813842789  
-0.8281510708  
-0.5415239241  
-0.7943312931  
-0.4703595504  
-0.2055639527  
0.008579369017  
-0.595847288  
-1.184653173  
-0.9688050844  
-0.5067857408  
-0.6155145958  
-0.9286478175  
-0.0604613997  
-0.4743816286  
0.06906646123  
-0.7425952873  
-0.3789135801  
-0.206456967  
0.1798376209  
0.128105621  
-0.0280152648  
-0.08782690233  
-0.9866255089  
-0.3507763962  
-0.4426399656  
-0.4390540554  
-0.5585095274  
0.07875099803  
0.222438099  
0.494280284  
-0.2853728201  
1.573968397  
2.818647717  
3.140204166  
0.4685673429  
0.3270247939  
0.1185271092  
1.486944538  
0.05960415078  
0.163566035  
-0.1177159093  
1.12003702  
0.4308828118  
-0.07764177293  
-0.1146273863  
-0.2705356363  
-0.3624323728  
-0.2505356686  
0.07220030508  
-0.2883592118  
-0.8555650317  
-1.017207116  
-0.6281422234  
-0.8914261507  
-0.9785427388  
-1.045399641  
-0.9717855054  
-0.04231389343  
-0.1605109178  
0.4707348865  
1.139448102  
1.246468907  
0.3787868266  
0.29892623  
-0.3685137769  
-0.3308636007  
-0.4364639607  
-0.6070418571  
0.9295788022  
-0.4137254715  
0.3800793795  
0.005501629538  
0.2646479913  
-0.4201509151  
0.7545644274  
0.1948975983  
-0.8301559042  
0.02531618084  
0.2758178984  
-0.139106965  
-0.1371301363  
0.06205325944  
