-0.1376712323  
1.29778026  
0.6484404998  
1.217708887  
-0.6390902885  
0.6990981677  
-1.24751868  
-0.1164295783  
-0.468582056  
1.368657803  
0.1176144545  
-1.159644338  
0.6643927885  
0.6100935085  
1.261430106  
-0.9705687925  
-1.078536442  
-0.7448144055  
-0.4211121126  
-0.06602630455  
0.1961342705  
-1.123390366  
1.599804767  
0.1106777097  
-0.3456120334  
-0.5184983263  
-0.8704410808  
0.05985571686  
-0.7081109072  
-0.4842181407  
0.1942289037  
-1.178346057  
0.2751898133  
-1.213608577  
-1.171984618  
0.520681475  
-1.453772726  
-0.4065472692  
0.5396387766  
0.8202491793  
-1.160441234  
-0.6530055188  
-0.1893295012  
0.9313456435  
-0.5620767735  
-0.8003228749  
-1.421169271  
1.44018017  
1.410634592  
0.8812218162  
-0.7215804448  
1.548537621  
1.639710614  
-0.257521739  
0.667893684  
-1.651529237  
-1.4014138  
2.297201409  
-0.3080923243  
0.02200231758  
-1.106989623  
-0.7994929002  
-2.149348637  
-0.4967514037  
-0.7493209531  
0.5298819574  
0.2685237345  
0.4365496925  
-0.410586741  
0.7427267779  
-1.106239777  
0.5057640348  
-0.793643308  
-0.4399518506  
1.100551552  
1.968197306  
2.235341375  
1.9420444  
1.304170709  
1.53706916  
2.4291293  
1.931365372  
1.352873739  
2.464022899  
-0.345834953  
-0.5467813787  
-0.5779095557  
2.439753309  
-0.2159632092  
-1.59844694  
-0.8163407678  
-1.471533345  
0.3533695983  
0.1172033849  
-0.9703331615  
-0.961476946  
-1.224881749  
-0.3776605722  
0.8856832579  
0.4858500927  
1.480616189  
0.2734470992  
-1.119407374  
-0.6041045283  
-1.687537357  
0.09126641414  
-0.9417525556  
0.6062583276  
-1.487107185  
-0.4857436467  
0.5732731792  
0.8064757775  
0.1515883639  
0.911081859  
0.7482887419  
-0.1215447465  
0.2054524677  
-0.7241668579  
0.5946936752  
-0.9866735978  
0.2550309222  
-2.084167852  
-0.8585241958  
-0.7581865015  
-0.1759597164  
0.5021269946  
0.25516168  
-0.4194312066  
-0.3681725593  
0.1615510993  
-0.8958481026  
-0.5800592876  
-0.4048815516  
1.741052138  
0.6317453583  
0.8402461643  
1.166581155  
0.2301654257  
0.1674054011  
-1.501685549  
-0.9969230427  
-1.236638298  
-1.508065434  
-2.309649447  
0.1807553131  
-1.751148753  
0.3624720579  
1.235221296  
0.08675195438  
0.7855355604  
0.3220200778  
0.861534242  
0.836316049  
0.4293789131  
0.04224509175  
0.4469318096  
-0.4522439061  
-0.8457048625  
1.590944355  
0.8880129391  
0.2656922641  
-1.490700546  
-0.3489038721  
0.2173851043  
1.857569458  
1.063512076  
2.434497673  
1.082761035  
-0.2669622154  
-0.1153928017  
-1.273427201  
-0.9469362438  
-1.505070537  
0.2305694764  
-1.35847454  
0.5161802592  
-0.3173860926  
-0.01953183731  
0.4012924667  
0.7368225342  
1.158258302  
0.8625115013  
0.5198033698  
-1.270763775  
-0.6622418355  
-0.397287543  
-1.811893459  
0.4186984968  
-0.1992514818  
-0.4625176855  
-0.3860314043  
-0.7905266433  
-1.430310674  
0.4156838207  
-0.3560164835  
0.04270065219  
2.271840302  
0.8750928285  
1.134350606  
-1.008781529  
-1.148148893  
-1.275842747  
0.1490962018  
1.590357044  
0.5630700073  
0.6757454712  
0.2785974104  
1.33514574  
-0.5802929875  
-0.689206627  
-1.731644546  
-0.02267131737  
-0.7944212204  
0.03957866767  
0.5638752696  
0.3067039239  
0.2321118766  
-0.7247968438  
0.6445787199  
0.2420474894  
1.104728147  
-0.2494762176  
0.7370457296  
0.2618105234  
0.4017247943  
0.4925576272  
-0.8099509948  
-1.809941195  
-0.1438531995  
-0.856940155  
-0.2836581682  
-1.015859432  
0.6814872715  
0.3662028547  
0.6076758571  
0.3594683325  
