1.246207208  
1.132321545  
0.6538982452  
1.460743928  
-0.1914475245  
0.3573863693  
-0.4070806865  
-0.8697515798  
-0.7160709304  
0.9523290252  
-0.5223486283  
0.5521899547  
-1.328018354  
-1.240078505  
-1.560059253  
-0.6177415713  
-0.3548172513  
1.487779739  
0.3597804144  
-0.6331727118  
-0.5856920446  
-0.5904747485  
-0.3584056413  
-1.965373472  
-1.444596188  
-0.1205912377  
0.1326892385  
-0.4801526578  
-0.7229289444  
1.492813176  
0.3141616453  
0.2165156576  
0.149587549  
0.3762602038  
0.6308975557  
0.3392694771  
-0.08107518544  
-0.3996582476  
1.88836762  
1.213065018  
0.4046388201  
0.0290731543  
1.421109847  
2.576955602  
0.02608700339  
-0.6909154426  
-0.6786604371  
-0.1630732987  
1.166127317  
0.922017467  
1.030875149  
0.6028655427  
1.150313917  
-0.2005841944  
-0.2653345869  
0.1917102626  
-0.2537292373  
0.3809811133  
-0.3935297631  
0.3902008051  
0.0114799962  
-0.5292047841  
-0.8990916168  
-1.163457079  
0.4179835116  
1.302337383  
0.7397580066  
0.1752118733  
-0.7612607311  
-0.09239087016  
0.009621521981  
-0.2455498024  
-0.4289390417  
-0.6457853124  
-0.4122204827  
-1.521905273  
-0.1970122297  
-0.175584754  
0.2109236772  
-0.04380040049  
0.8172942736  
0.1738083704  
1.363067163  
0.1476083527  
-0.5663640337  
-1.456938286  
0.05825476501  
-0.9570639279  
0.2331518937  
-0.9668828942  
-1.20288467  
-1.005679749  
0.7240542153  
0.7445814236  
0.7033925241  
-0.8753113624  
-0.6887805489  
-0.3509934665  
0.9175609811  
-0.8358901416  
0.1157272524  
-0.8365872659  
0.07694855227  
-0.9831173706  
-0.3568647143  
-0.1604956527  
0.3463405221  
-0.3765620013  
-1.156370812  
0.51522109  
0.50448192  
-0.06650417999  
-0.08071705807  
1.544886816  
1.593732746  
0.6948896963  
0.6280411325  
1.930314716  
2.433735962  
1.979891986  
1.117431705  
1.184628805  
1.625280034  
2.099648194  
1.128769355  
0.5086888486  
1.568660175  
1.078380512  
-1.668967127  
-0.2539569901  
-0.9912446173  
-0.5839558815  
0.2321581768  
1.877153016  
1.397506609  
1.046919601  
0.3410581598  
-0.9512615117  
-1.692491535  
-1.098218131  
-1.64568374  
-1.138852375  
-1.157101655  
-0.527755226  
-0.0382376435  
0.3562195583  
-0.3648190791  
-0.132823054  
-0.9788378469  
-0.3832700185  
-2.246913065  
-1.730195141  
-2.140690552  
-1.746878731  
-1.930736245  
-0.3443983474  
-0.623806469  
-0.195156302  
-1.378670652  
-0.8959934763  
-1.132160298  
-0.5008476999  
-0.7840369475  
0.5860602122  
1.04805387  
1.106144109  
2.256886888  
1.730605003  
1.40742712  
0.4898650366  
-0.01507748943  
-0.9691380032  
0.1317436564  
-0.09971066065  
0.1684246488  
-0.1477887603  
0.5061670927  
0.7749508196  
-0.2097430211  
-0.3182283013  
-0.8538249813  
-0.7262683597  
-0.0730291013  
1.046454002  
0.1449239696  
-0.269536158  
0.07843779519  
1.774637716  
0.1023559892  
0.2944029075  
0.153905124  
0.5906991768  
-0.2564236227  
0.1830813466  
-0.424359123  
0.3974055638  
0.4890616675  
-0.08871815976  
-0.9656360936  
-0.9159859149  
-0.6073007224  
0.203179668  
0.669658809  
-0.2807625082  
-0.07030175407  
-1.491692106  
-0.7278050086  
-1.48902419  
-1.338664239  
-1.2172201  
0.5588641291  
-0.3102076582  
-1.795919698  
-1.69345799  
-1.20703879  
-0.7645471199  
-0.7257141719  
0.5869501259  
0.9739560953  
1.471072503  
0.2565279411  
0.1757559695  
2.392225303  
3.006508774  
2.491199939  
0.8536429215  
1.602457764  
0.1886802283  
0.1100143409  
0.3574936936  
-0.8221166981  
-0.1971360136  
-0.6376897595  
-1.050974264  
-1.849655088  
-1.541677735  
