0.9440360254  
-2.293932305  
1.717167436  
-1.453537272  
1.321818719  
-0.181337046  
1.642225227  
-0.9140337883  
1.199960413  
-1.58110386  
2.216329702  
-1.837866224  
0.6147277497  
0.2250395853  
0.4235008222  
0.009925214701  
1.161885927  
-0.4755021  
-1.051194771  
0.5787610638  
-0.9394947797  
1.052462244  
-1.582476222  
-0.1691506625  
-1.202770548  
-0.05206988253  
0.4921524607  
-0.1519172062  
1.694113959  
0.4087395879  
0.856956466  
-1.297052305  
-0.8670293067  
-1.476883416  
0.800615558  
0.7528891328  
-1.132348692  
0.7098223434  
0.07333229671  
0.2883142836  
0.1974528217  
-1.477915466  
1.39755623  
-1.869625975  
0.2948904809  
-1.337473187  
-0.2040590996  
-0.4057704211  
0.9746984344  
-0.8632077247  
-1.004214177  
-0.1595183332  
-0.7902951616  
0.2765927299  
0.6616753889  
0.6314546732  
0.6884183407  
-0.449243007  
0.102647731  
-0.93894019  
-0.1674761407  
0.2729993617  
0.5979400472  
0.3259739779  
-0.2590311064  
-0.8926461536  
2.201096551  
-0.5628959698  
-0.4343691905  
-0.9823611202  
0.1821849493  
0.8291598094  
-0.07892171394  
0.5928476802  
-0.5029043902  
0.1791343637  
-0.5632618291  
0.2714420798  
-0.3126048013  
0.7357259581  
0.03603502101  
0.8919157552  
-1.756219831  
0.8905434296  
-1.759344946  
0.1898963494  
3.140734534  
0.2833391183  
-2.119269507  
0.3462591152  
-1.809717897  
0.7038480557  
-0.01928533785  
0.4083618593  
-1.542242534  
-0.6918673184  
-1.053142751  
-0.1247407523  
-1.313051497  
1.488053786  
-0.8661994948  
0.1742086098  
-1.437533843  
1.200991149  
-1.09194748  
0.6035823704  
-0.1816048592  
-0.9660475429  
0.472643532  
-1.022553779  
0.5520193222  
-0.8835145004  
0.144887454  
-1.314938947  
-0.4932062993  
-0.5778647523  
1.033184202  
-0.1824025492  
1.252436237  
0.9397612278  
0.14552548  
1.094646767  
-0.6992505522  
1.05000421  
-0.6081790591  
4.984673195  
0.4439862066  
-0.4758817995  
0.6413891857  
-0.1323406515  
0.551232894  
-0.7052023894  
0.0388974907  
-0.3646069521  
0.7665219243  
-0.8747854231  
0.8752925712  
-0.68661619  
0.3630174392  
-0.8411396617  
-0.03162550108  
1.019589658  
-1.553938865  
0.4442610106  
0.004127040162  
0.757326818  
1.449259771  
0.1410064014  
-0.3500773359  
-1.329033827  
0.4178037081  
-1.076880597  
0.601871961  
-0.7138618618  
1.24151036  
-0.9146374196  
0.5054594945  
0.9386802294  
0.3431118046  
0.7886921394  
-0.556639205  
0.01201591268  
-1.232490883  
1.373607054  
-0.616072396  
1.689985528  
-0.5787184203  
0.6375637375  
-0.9366809633  
0.1779380447  
0.01677665602  
0.5223709494  
1.230711123  
-0.541019571  
1.042671313  
-0.5544151988  
1.016092056  
-0.8612915877  
1.076593604  
-0.9897223463  
0.1713063883  
-0.8402283374  
0.323163397  
-1.122344656  
0.2892509527  
-0.02320235692  
1.155496327  
-1.390724475  
0.03201465809  
-1.191220673  
-0.05482584402  
0.2411931922  
-7.559106197e-05  
-0.7395493886  
0.9810459607  
-0.6077640795  
-0.2176788066  
0.8765691364  
-1.038113084  
1.692160917  
-1.849449358  
0.03388932706  
-0.7503005209  
0.6592870083  
-0.898979376  
1.235965691  
-0.06533247  
-0.2574250751  
0.3087214512  
-0.9948615282  
1.246652747  
-0.9412722941  
-0.1488162369  
-0.1352718629  
1.855207046  
-0.9431077311  
0.2089445159  
1.317063992  
-0.429549449  
1.131236944  
-1.03961689  
1.87162422  
-0.8658326745  
0.8571955737  
-0.5735337165  
1.12684775  
-0.9513240575  
0.2414216898  
-0.485740938  
-0.03996334706  
-0.8870395358  
1.302356676  
-1.048187095  
0.2408695125  
-1.114443959  
0.8389482644  
