-0.6218141116  
-0.4535092651  
-0.1566068492  
0.3480734965  
0.878336928  
-0.229968735  
-0.8368704289  
0.2281138624  
0.2005896707  
-0.04345084999  
-0.6848511777  
-0.2044285526  
-0.8355490684  
-0.2676199473  
-0.9417120997  
-0.5781981376  
-0.2606133638  
0.2672211924  
0.2190196157  
0.05851132417  
0.2984871772  
0.533869178  
-0.3671284925  
-0.0536370795  
1.164298795  
-0.1648568021  
-0.7552477473  
0.653635665  
-0.6633417997  
-0.5292410904  
-0.3816671977  
0.2067067992  
0.2547256017  
1.761634503  
2.657579319  
1.518090295  
1.105348727  
0.425969518  
0.1630390215  
0.4812211373  
-0.08145425806  
-0.6045903257  
-0.06933826533  
0.6558314263  
0.02761593736  
-0.3131135675  
0.1379305878  
0.02011573771  
0.2260344092  
0.6960225079  
1.803557213  
0.5169192255  
-0.2557550355  
-0.1810876532  
1.01812882  
3.627959643  
1.232893131  
-1.363266301  
-0.7378759805  
-1.130864082  
-1.111118561  
-1.378608628  
-0.3829101536  
-1.086984112  
-1.537922355  
-1.215665259  
-0.436824164  
-0.2657083549  
-1.080569228  
-1.078973745  
0.007024049778  
-0.2592871406  
0.8411373015  
1.29711719  
1.348021128  
-0.2334723971  
-0.9925168327  
-0.9796867673  
-1.10683704  
-0.9885904454  
-0.5327499827  
-0.2422029265  
0.02629097205  
0.003432845961  
-0.09945696796  
-0.4270937709  
-0.1022824896  
-0.483310439  
0.8220094835  
0.2377595035  
-0.4355008202  
0.5097745587  
1.494457818  
3.042932711  
2.204798233  
0.4814062305  
-0.03867155658  
0.6454737184  
0.5354252387  
-0.8058636668  
0.6013818519  
1.777064725  
0.4498583407  
-0.9708539488  
-1.718869933  
-1.883916215  
-1.056121242  
-0.9694308512  
0.698204642  
0.6907329584  
-1.035279844  
-0.6077792435  
0.3944145429  
-0.0206028991  
-0.7435854812  
-0.8857983597  
-1.368435449  
0.5252022241  
-0.03190078348  
-0.9631393331  
-1.053587536  
0.8633529592  
0.9045306284  
0.2050858725  
-0.9437267335  
-0.1378249923  
0.557462151  
1.200223424  
-0.02738599331  
-0.4912875845  
-0.6777989177  
0.01576115137  
0.6156355717  
-0.1320402892  
-0.5537363748  
0.3850928399  
1.497188823  
3.011511831  
3.3017446  
2.068013271  
1.677374323  
1.853458837  
0.111571451  
-0.9142263943  
-0.6411410619  
0.09420719346  
-1.494495375  
-1.320473866  
-1.189790881  
-1.184044666  
-0.926039289  
-1.279595482  
-1.78526138  
-0.7947272118  
-1.182730744  
-0.5925793806  
-0.05144614572  
-0.4983865931  
-0.5665827997  
-0.74636532  
-1.086138949  
-1.047296561  
-0.4315145298  
-0.4864740452  
-0.2239817504  
-0.5415146997  
-0.6094807456  
0.06947140174  
0.9944401648  
-0.595668714  
0.3270861688  
1.042353106  
0.6693723233  
0.2016858599  
1.246949415  
1.747033543  
1.732224471  
0.8616661789  
-0.6530685144  
-0.6251951565  
-0.4146655836  
2.42612247  
2.672609381  
0.5498709497  
-0.519923272  
-0.7542143653  
0.1604215185  
0.4047789175  
-0.8280521156  
-0.8663519925  
-0.6923524755  
0.4457507842  
-0.1016729247  
-0.9686573901  
-1.271011971  
0.231274699  
-0.845822095  
0.5546054511  
0.4896081892  
-0.1906713038  
0.299470878  
-0.3178483502  
-0.6064264304  
-0.6762116228  
-0.2546836233  
0.2362788374  
2.056032847  
1.152110067  
-0.01612743137  
-0.2912205333  
-0.6461983535  
-0.8028145813  
-0.9355397224  
-0.8544658436  
-1.370348237  
-0.8864135331  
-1.018499875  
-0.05500395271  
0.445883857  
1.412501758  
1.113725212  
1.406731492  
2.226093223  
0.7199647524  
1.36389374  
1.26913434  
0.6568759393  
-0.539107641  
-0.4906887743  
-1.331257607  
-1.591780795  
-0.6943334034  
-0.7546196808  
-0.8918622832  
-0.4841157219  
0.2051142151  
