0.9485190445  
-0.5590713865  
0.3934802057  
0.3613672472  
-1.029929445  
-0.2944788339  
0.3378691673  
0.5304905981  
-0.3322731748  
1.08534109  
0.04101956273  
0.1562922055  
-1.203587573  
0.3906895696  
-1.680928976  
-1.112223726  
-1.798126431  
1.223810224  
-0.08676029  
0.8476715509  
0.171530371  
1.179714042  
0.3767362265  
-0.7878382567  
-0.5047906995  
0.004997226723  
-0.7586307905  
1.639171306  
-1.605091343  
0.3025615968  
-0.5035116616  
0.3782115014  
-0.5790483009  
1.034548479  
-0.7617527009  
0.5271186015  
1.21113988  
-1.394165662  
1.499402589  
-0.5595215054  
0.7747035618  
-1.614861056  
-0.4468861916  
0.4783607545  
-0.7784140322  
-0.6764327404  
-0.3417787362  
-1.466451499  
1.25785695  
-0.5123262983  
0.8416379135  
-0.560441845  
1.528604191  
0.1920008796  
0.8649599707  
3.683560841  
1.776844731  
0.2255369342  
-1.25476966  
-1.274505429  
0.03877130221  
-0.1948797234  
0.442349675  
0.03593898324  
-0.06196216034  
-0.02024803642  
0.06247219886  
0.07719895422  
-1.479725172  
-1.760533203  
-0.7207241633  
-0.7144080426  
0.3250498588  
-0.6709356137  
1.297077263  
-1.061052535  
0.1633100727  
-0.8244949008  
0.4058808711  
-0.6978770121  
-0.2325493976  
-1.607733182  
0.1824555164  
0.5906849635  
0.9722101214  
-0.5116665914  
0.3388434321  
-0.0994589644  
0.7350358239  
0.07614815613  
-0.8811067316  
-0.7245266053  
0.1029391466  
1.484562615  
1.388031822  
-0.5806324775  
1.249839411  
0.4700759427  
1.683476487  
0.5501114944  
1.69386259  
0.5999217324  
1.879402578  
0.11690522  
0.9481199415  
-0.2242699029  
-0.002140422521  
-2.109715636  
-1.297691277  
-1.008452542  
-0.5706640422  
-0.4669346848  
-1.97701778  
0.1662181122  
0.349771617  
1.34155157  
-1.124065598  
0.5520138551  
-0.1890841928  
0.5607506454  
-1.676904369  
-0.6232750314  
-0.573991418  
0.2836892102  
0.3610651581  
0.4576491277  
-0.4028710719  
1.893719531  
-1.169072075  
-0.2354218944  
-1.335525247  
0.2721994735  
1.763414378  
1.688089005  
-0.2690902462  
0.003754347226  
0.3310802672  
1.030683385  
-0.5393772892  
0.6828092891  
-0.5808969031  
1.320002994  
0.9086758252  
-0.7374829861  
-0.242600557  
1.734828692  
-0.07064135971  
1.873317406  
0.4156187207  
2.287715152  
0.2408231296  
0.2463721754  
-1.375757851  
-0.5214558719  
-1.544680754  
-0.4184672978  
-2.008860507  
-0.5246904089  
-0.9280995582  
0.6871712426  
-0.8603535324  
-0.8530540329  
-1.084789056  
-1.376659603  
-0.7905434224  
-1.87709818  
-0.5653786074  
-1.456981675  
-0.3314835405  
-2.0729126  
-1.142063113  
-1.880830696  
-0.3945118793  
-0.3239954255  
0.1103826441  
-0.4014989187  
-0.3529806394  
0.3379661583  
-0.2614944609  
0.2889559253  
0.1563840823  
1.613843891  
1.299856115  
0.7900786297  
-1.073157539  
0.1460374403  
-0.06537886015  
0.3040723425  
-0.749221719  
-0.2469837066  
-0.4541927095  
1.561688441  
0.768794746  
1.141425517  
0.2523967962  
1.586691593  
0.5035326047  
1.686873807  
1.366968737  
2.117742579  
1.404930618  
0.8364976277  
0.8659076014  
1.13485345  
1.64594684  
0.2159506522  
0.9912062351  
-0.8855791356  
0.2765588257  
-0.7687877305  
-0.6242540776  
-0.9866531467  
-1.541435798  
-0.8384769328  
-0.7410104972  
0.7024457859  
-0.526501286  
0.6627698676  
-0.7546887752  
-0.7689026875  
-0.9387770354  
0.01596900431  
1.085397575  
0.7636832647  
0.2740691327  
-1.305958868  
0.6346812201  
-0.8995016295  
-0.7570829867  
-0.6407638991  
-1.89849412  
-0.511591836  
0.5782851971  
0.7743728913  
1.042228173  
0.5074803804  
