0.01255838455  
0.208008437  
0.4612404264  
0.8153116692  
-1.090333003  
1.22992084  
0.4096887409  
0.02816285147  
-0.04703470292  
0.6950817705  
-0.4829864088  
0.4914130458  
-0.5238319843  
-0.8301370049  
-0.7827719854  
-0.9642596295  
0.4681739222  
-0.2490511192  
-1.43003385  
-0.8407860637  
-0.9392865648  
0.3809690084  
0.8174640139  
-0.950982525  
-0.474143885  
0.4184280528  
0.7494387597  
0.6923424827  
-0.3610550774  
0.3353599957  
-0.06095935237  
0.3655373612  
0.8337495831  
1.049784776  
1.300492051  
1.507494648  
-0.33550406  
-0.1722096795  
0.6679813549  
0.5563638437  
-0.194786802  
-0.2334994751  
-0.2208471554  
-0.2399814563  
-0.5253479021  
-0.9647844346  
-1.354852124  
-0.5738083205  
1.095058789  
1.548326157  
-0.1304275468  
-0.9028048427  
1.011958706  
0.8173354723  
0.3913226506  
-0.3738099607  
-1.200480344  
-0.977603765  
-1.20104138  
-1.241687626  
0.7729279845  
0.4246578816  
0.802156798  
0.326541078  
-0.03169587142  
-1.015241341  
-0.3461610536  
0.2175312395  
-0.8467482908  
-0.8405346158  
-0.603035754  
-0.8147372291  
-0.5209486325  
-0.9931308736  
-1.060282324  
-0.9966915718  
-0.7912232241  
-0.1033650942  
-0.01383528706  
-0.1462619381  
-0.4337439516  
0.3781954192  
0.346352072  
-0.05999456449  
0.5365717907  
0.501039765  
2.193392555  
2.664126013  
3.204507498  
0.258373473  
-0.8335989844  
-1.091011375  
0.5155413463  
1.491743223  
1.599575016  
0.8078501096  
1.234598408  
0.465131358  
0.7029699359  
0.6348772076  
-0.4429782344  
-1.215547123  
-1.069119541  
-0.1040275366  
0.3184851608  
0.5281138501  
0.3521159458  
-0.2517986943  
0.4175190258  
1.22914288  
1.470773211  
-0.4278608315  
-1.711485212  
-0.9297465363  
0.07422327103  
-0.2780133516  
-1.173343477  
-0.3023328588  
0.7355829407  
1.414974806  
-0.2314391518  
-0.7146940064  
-0.09187716552  
-0.2771694746  
-1.12251427  
-1.765408665  
-1.085389471  
0.4337237804  
-1.084007517  
-0.827211127  
-0.1274071064  
0.8811272607  
1.243805688  
-0.8039157588  
-0.784077186  
0.09855621734  
0.5090276438  
-0.7565304837  
-1.554900281  
0.1226342868  
-0.02337161222  
0.4566695083  
-0.01977468772  
0.3745198086  
1.143339036  
1.673174327  
0.2174202103  
0.3187595407  
0.04139162109  
0.7346186993  
-0.8455391385  
0.2303706914  
0.2680564484  
1.413392884  
0.3931422589  
0.1204608804  
-2.029493747  
-1.864525679  
-1.368053769  
0.4859755224  
0.1815428812  
-0.1661392784  
-0.7209444681  
0.275508534  
-0.130650255  
-0.06558120997  
-0.7404181635  
-1.852890404  
-0.9955227473  
-0.1482136406  
0.2411077555  
0.5275355802  
3.044323426  
2.178934026  
0.574250826  
-1.962070994  
-0.8065824921  
0.6415929368  
0.7271112645  
0.530503902  
0.1436862408  
-0.6352459765  
-1.552678784  
-0.4397878972  
-0.4702959973  
-1.342717451  
-0.02418706793  
-1.328582282  
-1.338036851  
-0.7352666061  
0.310558234  
2.333929212  
2.752474544  
1.966911327  
0.9369420176  
0.2675936896  
-0.5462301429  
-0.3266192558  
-0.05255091696  
1.046245362  
0.4021318016  
-1.06487374  
0.5628190687  
1.490607709  
0.3994854836  
-0.01784924665  
1.567326906  
-0.5922326421  
-0.6234736177  
-1.526268486  
-1.122947193  
-1.405411605  
-1.717670353  
-2.492062131  
-2.226310748  
-0.5111465716  
0.2277593481  
1.455942171  
1.013469447  
1.232879087  
0.9423594725  
1.853583289  
2.657739495  
1.687083735  
0.4440563052  
-1.148265016  
-1.24076653  
-1.071960444  
-0.5039699517  
0.01788680673  
-0.7187852192  
0.3001276148  
-0.05547515723  
0.5289858524  
0.4897095328  
-0.9758230192  
