-0.7522169506  
0.1845761208  
-1.43067065  
-1.633432006  
-0.2889883619  
0.5469019994  
-0.5577032982  
0.02744021897  
0.2477642614  
0.7208840054  
0.3006277177  
-0.3978026338  
0.339620271  
-0.838247185  
1.271997581  
-0.9200412169  
0.372484437  
-1.146715617  
-0.3656343995  
-1.341702356  
0.497326361  
-0.4579191207  
0.4413849068  
0.7627690629  
1.224604064  
4.020463086  
-0.1761307106  
-0.7217096207  
1.034435593  
-0.9336487715  
1.318120747  
-0.2066561307  
0.9193460572  
1.13252737  
1.79571886  
1.830528887  
0.1321371986  
1.671037339  
1.048202072  
2.288698553  
0.8366592003  
0.04521305248  
1.047223726  
1.704506533  
0.6332517694  
0.4452630594  
-1.334606972  
-0.6909351829  
-1.022429704  
1.054878314  
-1.123908504  
-0.5742317177  
-1.766852573  
0.4521190994  
-0.3760383023  
0.2721902048  
0.05190318369  
-0.840921203  
0.3459247903  
-0.1889509237  
-0.1288305334  
0.6286669823  
-0.8493289966  
-0.418105357  
-1.162729635  
-1.350764892  
-0.6517571753  
-1.154432633  
-1.099451779  
-1.013951369  
-1.176329005  
-1.778490284  
-1.986845042  
-0.6107215329  
-0.8909270064  
-0.4085289638  
-2.157490078  
-0.8600663274  
-1.035917229  
-0.3760724587  
-1.131190545  
-0.1061162504  
-0.8799803319  
-0.7407887964  
-0.9183625027  
0.3215268444  
0.4807017157  
3.619283346  
-0.3350625558  
-0.4678172847  
-0.7687271808  
-0.08538100503  
0.07895558707  
1.386954163  
-0.3018837808  
0.3502593894  
0.2456123137  
0.2869276529  
1.058712499  
1.750832953  
-0.4064958326  
1.037662471  
-1.486951234  
-0.09904287616  
-0.315964148  
0.6375481879  
0.1442305301  
0.7581568036  
0.08786980375  
-0.01996233354  
0.8574869667  
-0.1725242914  
0.9317059231  
0.1644699775  
1.686251129  
0.3548585861  
0.2775324444  
-0.624103833  
0.7947771954  
-1.208683788  
1.427795568  
-0.0426011596  
0.09046928585  
0.5591153802  
-0.8078569222  
0.6316342658  
-0.09341481165  
-1.25175423  
-0.3779528922  
-0.2448391026  
-0.8106732514  
0.4565300686  
1.661040976  
1.34468804  
0.0019998915  
-0.8486956987  
0.1275457062  
-0.6954620093  
0.7835669276  
-0.236961034  
1.242247871  
0.582055002  
0.4922381725  
-0.05826730447  
-0.5413951769  
0.6099796517  
0.4034866905  
-1.438742106  
0.1154878754  
-1.635176301  
0.2764254206  
-1.848385755  
-0.408146323  
-1.273526045  
0.2982708195  
-1.722549784  
-0.1050146067  
-1.389051023  
0.8705610619  
-0.4189334915  
0.5244688562  
-1.031665068  
0.4268512399  
-0.2068667441  
0.3589449154  
0.3909498034  
-1.050393026  
0.1986505209  
-0.6024136551  
0.8401136608  
-1.395538369  
-0.2370327592  
-1.687870766  
0.8115759984  
1.170783678  
1.954170208  
1.691295657  
0.9606129505  
0.4097713394  
-0.5095454697  
0.3885445734  
-0.06642603289  
1.127322108  
-0.9785789439  
0.4469705732  
2.441806178  
0.5619633589  
2.084148686  
0.288501202  
-1.401528543  
-1.90810241  
-1.719946451  
-0.01500432151  
-1.20998837  
-0.157556104  
-1.596775162  
1.068019742  
-0.2487401425  
1.538140464  
0.4804259588  
0.9255526202  
-0.4486809697  
-1.282717687  
0.4929102272  
-0.9619478922  
0.9852837085  
0.25189979  
1.173121321  
-0.9137073661  
0.9299971515  
-0.3504074451  
0.1136463168  
0.1214381465  
-0.5986247591  
-0.3927090562  
-1.751889476  
0.09083763871  
-0.9483636446  
1.717926361  
-0.3633675143  
-0.620100203  
0.685035657  
0.1550740899  
0.8236554786  
0.4128290579  
1.155975494  
-0.4997581246  
-0.323905364  
0.08080035511  
-1.457995539  
0.2948407648  
-0.037611861  
-0.1834073663  
-0.3558339579  
0.04740993354  
1.475154951  
