-1.606906951  
-1.551325534  
-0.8666889164  
-1.820894679  
-0.6654263045  
0.3306298985  
2.480767746  
0.5079395165  
0.1496333497  
-0.2804616634  
-0.6043830259  
-0.6128987627  
0.3355888194  
0.3088179757  
1.077435366  
2.008873409  
1.851545526  
1.018963432  
0.2983585447  
-0.152135945  
-0.1801277669  
0.4202669802  
0.6913606833  
1.4729439  
1.91145996  
2.015806256  
0.879096323  
-0.6421015285  
0.05089560473  
-0.8640710725  
0.1144716511  
-1.272236894  
-0.1261992681  
-1.01036338  
-0.2911145098  
-0.3229040172  
-0.7746822257  
0.01092100944  
-0.2888654099  
-0.9140045316  
-1.149097249  
0.2789034358  
-1.462035357  
-1.251895153  
-1.362754881  
-0.490826446  
-0.3609251323  
-0.05149676614  
-1.751354571  
-1.06184362  
-0.6867264618  
0.1207994402  
-1.639801787  
-0.9221314024  
1.210430147  
0.356758183  
0.6262519919  
1.7719938  
1.757173196  
2.413338893  
0.4366199159  
0.6823483355  
0.1919110131  
0.2514973198  
-0.9422728058  
0.2673935256  
-0.9663567885  
-0.8098622083  
-0.6797168532  
0.223100613  
-0.2998832546  
1.427111782  
0.7695712647  
1.463777168  
0.3207649081  
1.505716113  
1.248410237  
0.1736887483  
-0.9888328637  
-1.332945661  
-0.1651060297  
-1.072343631  
-0.5729649352  
-0.6525665536  
-1.261708918  
0.6497602871  
0.1892701581  
1.586321555  
-0.184090632  
-1.31151994  
0.2219049723  
-0.9587682471  
-1.222744038  
-1.389745829  
-0.4807209249  
-0.6100152023  
-0.92542355  
-1.254980467  
-0.7292474801  
-1.027043797  
0.2162989489  
-0.1177675826  
-0.5634835732  
-0.1558114889  
-1.437616032  
-0.01908013456  
1.183143494  
2.538572466  
1.475824966  
0.2412315387  
-0.5459649352  
0.2549702802  
-0.6312004181  
-1.54031994  
-1.008288203  
-0.9990275726  
-1.040069715  
-0.592045883  
0.3949458971  
-0.6876900038  
1.645601746  
2.046388703  
1.895503881  
0.8879050513  
1.836863254  
2.408079716  
1.097562025  
-0.6719594358  
-1.105166029  
-0.6213236004  
-1.065213919  
0.3342713253  
0.02452077439  
1.371918651  
1.715811285  
2.35484933  
1.257000564  
1.318409292  
1.258941136  
0.1329541594  
-0.1919363948  
-0.886644416  
-0.7540069639  
-1.090749671  
0.009871171556  
-1.730649146  
-0.4077863161  
-0.07700900057  
0.6673431804  
-0.1496754089  
-1.173110024  
0.5340757964  
0.1029707362  
0.5852175055  
0.1525902578  
0.9201826958  
0.1057526387  
-0.00341738895  
-0.7698131529  
-1.106757125  
0.1479855531  
0.3066278218  
1.04645333  
-0.5312698583  
0.8132016963  
-1.230783575  
0.3654083798  
-0.4363213586  
-0.2571775295  
-0.2265187826  
0.7497768409  
0.3609063589  
-0.2668118894  
0.7522230371  
-0.3038508365  
0.05881797224  
-0.138906338  
-0.3100690688  
-1.322813328  
-0.1566977969  
-0.6220199511  
-0.9181771513  
-0.7666361591  
-0.7583047813  
-0.1202050499  
0.08303464158  
0.4948334463  
-0.653689569  
-1.089433055  
0.7193836558  
0.2539432387  
-1.250336469  
-0.9027632171  
1.492088905  
2.031730383  
0.8581014886  
-0.3682938412  
-1.020937541  
-0.9147945185  
-1.242616411  
-0.2813961405  
0.04890925741  
0.8396382414  
0.5849622814  
1.537200197  
1.394358213  
0.3831631882  
1.426759762  
0.5729388944  
0.5784923343  
-0.2387565971  
0.1296629844  
-1.04593311  
-0.3603268217  
-0.6078393254  
-1.297427946  
-0.03690679088  
-0.1249064531  
1.232859809  
1.184415576  
0.4034549291  
-0.669143933  
-1.757098521  
-1.259287154  
-0.9227863107  
-1.243529957  
-1.492541628  
-1.267679374  
1.093537187  
0.07802577069  
1.456433648  
0.4214382573  
0.9040095183  
0.7266387006  
1.167459295  
0.6870732214  
