0.9597535598  
3.29344679  
1.196387019  
-1.091785614  
0.6687665502  
0.8539708877  
-0.7318288229  
-0.02836727616  
-0.2947756643  
0.06023324636  
0.3594417813  
-2.034199359  
-0.4214774874  
-1.781985511  
-0.7197728197  
-0.7227577974  
1.231246625  
-0.4827381628  
0.3175872101  
-0.4297443964  
1.465346515  
0.7068467181  
0.2709170593  
0.1518754314  
-0.2399065522  
-0.2887512224  
0.7494311593  
-0.5077365365  
-0.8772336347  
-0.9268216775  
-1.020793744  
-1.84060255  
0.6374470403  
-1.902173963  
-0.4271201089  
-0.5856516303  
-1.247068711  
-0.1008839586  
-0.9017212645  
-0.4564194622  
-1.416663871  
0.3754969769  
-2.116386202  
-0.9499277204  
-1.132227121  
-0.2026355405  
-1.040628738  
0.9913719078  
-0.138453106  
-1.039801961  
-0.1754546643  
1.238020365  
-0.1349288767  
-2.097321932  
0.7024480427  
-1.444327093  
0.6630018051  
1.82492448  
0.9331169456  
1.616466188  
1.858847684  
0.6274028552  
-0.2825064637  
1.979696805  
2.43786767  
1.516160829  
0.9530645817  
-0.1175222704  
-1.092606204  
0.2161461243  
-0.2413529681  
1.868995415  
-0.118048714  
0.7714804602  
-0.0114915103  
0.1852716413  
0.6445643337  
-0.1740234221  
-0.9383792408  
0.4806301458  
-0.9461585689  
0.2376944134  
-0.1234005501  
-0.09035335746  
-1.2253404  
-0.5050914834  
-0.390606317  
0.8588135889  
0.9200036066  
1.045229858  
0.4420527478  
1.924660236  
0.4347142922  
1.241426195  
-0.4421115153  
0.1242223403  
-0.06498129904  
1.610652831  
0.09718296255  
0.9543955098  
-0.4849457323  
-1.862860509  
-0.6466530474  
0.2783359101  
-0.4494978837  
0.6748674771  
-0.5663951998  
-0.2141695742  
0.1936833309  
-0.5805034937  
1.254373805  
0.6224835429  
-0.05999794243  
-0.06734129956  
0.4139554883  
-1.002817266  
-1.161928293  
-0.8057286762  
-0.1248838628  
-0.4725201508  
-1.475932402  
-1.533513701  
-1.293382675  
-0.4954370525  
-0.6230171009  
-1.111510959  
-0.2320421091  
-1.024808975  
0.04430601621  
-0.8341319359  
0.2708207488  
0.399062449  
0.02245042054  
0.8558647483  
-0.2970155184  
-1.489242313  
0.3319905738  
-1.552916342  
-0.4814056485  
-1.78250014  
0.1499641258  
-0.5300148122  
0.0120471363  
-1.331442856  
1.900866229  
-0.3590763118  
1.479062184  
-0.3495715013  
0.5909326767  
1.23242454  
2.968941451  
1.34164108  
2.756727541  
0.2747977742  
0.7260916006  
0.502137945  
0.9890824072  
0.6179552498  
0.1920648815  
-0.4910224942  
0.1715218225  
0.9888394051  
1.715525134  
2.116388231  
0.9595511144  
0.1911710123  
-0.1267901582  
0.2108440682  
-0.9660807135  
-0.6965162987  
-1.401150665  
-0.1532051733  
-0.282502415  
-0.339113521  
-1.839269331  
-0.1833758331  
0.3350999448  
-0.4214042215  
2.249083218  
0.0745930824  
1.872795423  
0.06089688061  
0.3418473767  
0.5172476191  
-0.1107258166  
-1.466967238  
0.3071332647  
-1.229179981  
0.2389644906  
-0.9648986254  
1.322685459  
-0.3716167717  
-0.330535829  
-0.0006455300954  
0.7444869123  
-1.220968409  
0.005375134053  
-0.495800261  
0.6639979342  
-0.5676837262  
-0.7376193162  
1.187745383  
-0.4081492067  
-1.018748837  
-1.796934309  
1.252158565  
-0.8877852016  
-0.2981060301  
-1.248345608  
0.2931198954  
0.5910264282  
-0.3470081011  
0.2780261824  
-0.9573721385  
0.5449228825  
-0.9971115585  
-0.9578574237  
-1.204763776  
0.2562276444  
0.4406312348  
-0.02374276702  
1.086555214  
-0.5742205477  
2.03511883  
-0.919579187  
0.3094910557  
-1.581966712  
0.5142943978  
0.5059028872  
0.746734861  
0.8542724651  
-0.1272531802  
0.590665708  
0.1516440955  
-0.9834772149  
0.2195104288  
