0.8944843826  
0.8611008161  
-0.1711916157  
0.2331712103  
-0.875239028  
-1.005323032  
0.4283776332  
0.5712330627  
0.3714272449  
-0.2783587457  
-1.545911096  
0.9981746013  
-1.096572814  
1.038619195  
-0.8396176382  
-0.6027426163  
-0.5162249901  
0.8191007873  
0.1704004688  
-0.8969418707  
-0.05666978822  
-1.479354536  
-0.9964415898  
-0.9292022159  
-0.236994278  
-1.047281301  
-1.416151456  
-0.2311605606  
-0.3062770505  
0.215274504  
1.190049409  
1.654850845  
0.4762188681  
3.281664061  
2.780678657  
-1.436226464  
0.9364918973  
1.501190204  
0.7402787526  
-0.9622720293  
0.4376733989  
1.643589387  
0.5373973553  
1.719968417  
-0.8905563048  
-0.8901942472  
0.6707951849  
-0.0582312341  
-0.2302878655  
0.7634386482  
1.79338467  
1.992941891  
-2.244550239  
-0.1848258846  
-1.130551014  
2.038617467  
1.931830388  
-1.65463085  
-0.6840833377  
-0.06867374896  
-0.8906911087  
-0.2563293491  
-0.111786639  
-0.6576214681  
-0.1436578301  
0.3696360375  
0.05249773715  
-1.445549274  
-0.2105039874  
0.7012070509  
1.310295428  
1.217857311  
-0.3698826922  
-0.1474451931  
0.5471160542  
0.09628641382  
-1.837523855  
-0.6729932337  
0.4739116658  
-0.05702426022  
-1.752905037  
-0.1731328727  
0.4308188368  
-0.6986437559  
-1.315907923  
-0.6541098073  
-0.8353985337  
0.9882432053  
1.805821803  
-1.97314291  
0.8472321435  
0.9836785033  
1.52381222  
0.786593336  
-0.1927073191  
-0.8014777475  
-0.2299338064  
1.429200265  
-1.016372591  
-0.8333820382  
-0.7314073039  
0.751052459  
0.1860506425  
0.01463327522  
-0.7107568486  
0.2092213589  
0.7693226291  
1.03582862  
0.5417767161  
1.937882808  
0.2990306408  
-0.1772162248  
1.654491761  
0.4955199776  
0.0797580115  
-0.07565953581  
-0.7132133722  
-0.3419221361  
-0.08155401697  
-1.223615312  
0.1709544422  
0.07212264461  
0.05304395493  
0.8107087085  
0.2677544282  
-0.3959537965  
-0.6206865138  
0.5966344505  
1.164939954  
-1.368831825  
-1.273830411  
-0.7911445632  
-0.9376154839  
-1.264736242  
-1.605544005  
-0.3762147023  
-0.44531263  
-0.1108737875  
-0.3231702022  
0.7341306478  
0.800004014  
-0.7445054026  
-0.4941232409  
1.145153395  
0.1519906779  
1.502080472  
0.1222718279  
-1.725075284  
-0.3897028489  
-0.8514524484  
-0.4856649767  
0.4912723291  
-0.6646505318  
1.09906467  
1.244016671  
1.358811243  
0.6399611816  
0.5124215953  
0.6480858864  
-1.891947014  
-1.410126909  
-0.7371296009  
1.456652821  
0.3027317072  
-0.6528181855  
-1.781912356  
-1.552750112  
-0.4536385148  
0.1037394955  
-0.2158257557  
0.02641959065  
-0.5717590041  
-0.5710645826  
0.876555475  
0.4360585105  
-1.116218298  
-1.091461342  
-0.1285054165  
-1.398114464  
1.149953986  
0.2896020577  
1.146328867  
0.276309775  
-0.2453685174  
0.1613306223  
-0.8607465068  
1.285234133  
0.4023021095  
-1.684359488  
-0.1158982742  
0.281193454  
0.6563298218  
-0.5058125273  
-1.25272847  
-0.1807283286  
1.025900829  
-0.5645623316  
-0.2880221826  
-0.07380604932  
-1.126873313  
0.4846282446  
-0.08646105975  
0.9580177417  
0.6762487237  
2.411666495  
0.1199850048  
2.336718284  
0.2125688419  
-0.9299190122  
0.03022149039  
-0.1271320118  
-0.4939687789  
-1.487669078  
0.2698834823  
-0.7199960371  
-0.1903887789  
0.4780850217  
1.629836308  
1.151121181  
-0.8892898041  
0.02121053631  
1.149253858  
1.939092429  
-0.0895284523  
-0.470891999  
-1.31433163  
1.012627177  
1.276611375  
-0.007331102363  
-2.111198783  
-0.3401939505  
-0.5526515503  
-0.4360009965  
-2.052728266  
0.08323650482  
0.002875685849  
