-1.53779241  
-0.9898298112  
-1.403326752  
0.2490423052  
1.289255977  
0.4144025715  
-0.503551693  
-0.4640187025  
0.1464463951  
1.050127051  
0.5262965484  
1.063349112  
2.46857066  
0.06570787806  
1.611761625  
-0.1132060168  
1.802513263  
-0.9727498261  
-0.5321135228  
-1.689832923  
0.2739747213  
-1.15086263  
-0.9062584679  
-1.319514075  
-0.8767857653  
-1.006395101  
-0.5208280485  
-0.6144097101  
1.486256304  
-0.09171081691  
0.1295303178  
-1.459447479  
0.3439831849  
-0.09176731488  
2.587877813  
0.7927890721  
-1.87128055  
0.7908127427  
-0.1306367025  
0.913511962  
-0.1005168104  
1.518629049  
0.7676217569  
0.5261350024  
-0.6598864102  
-0.01911469394  
-2.200057049  
0.7951397792  
-0.9052057534  
-0.408074037  
-2.161253686  
-1.006923313  
1.493039956  
0.2348413628  
2.200264079  
0.2248285706  
-1.119231303  
1.225568133  
-0.237256075  
0.7352989266  
-0.6207565449  
-0.3899934264  
-0.4258082697  
0.8595931938  
-1.005892528  
0.4555910105  
-0.2901886056  
0.6871642771  
-0.8424592672  
0.7994868599  
-0.5611771541  
1.059683449  
1.305731656  
1.644332484  
0.4150686296  
-1.006010319  
0.2553780741  
-1.101518949  
-0.5206664077  
-0.4288298579  
0.6906985797  
-0.3599484254  
0.8537136957  
0.2462560856  
0.3468956344  
0.2981741172  
-0.497031124  
-2.535038506  
-0.6502260942  
-0.970916074  
1.499702542  
0.4209340214  
0.8854580044  
-1.732094523  
0.1671022306  
0.02866121219  
0.8076686502  
0.2213743182  
1.641863773  
-0.6152580518  
-0.02394889465  
-0.08698255852  
0.2790197748  
0.6466632559  
1.483724157  
1.08555804  
0.09726404941  
0.8851958291  
-0.4305876787  
-0.2403569886  
-0.9808028833  
0.9961959513  
-1.237255418  
1.171476041  
0.5792765755  
-0.2382329098  
-0.4312956011  
0.3398404878  
0.4097656614  
-0.5116738796  
0.4873773685  
-0.8847768263  
0.3958094638  
-0.9765781356  
-0.8973642657  
-2.125834355  
-0.9308639253  
-0.6962305616  
0.2396729075  
1.280449529  
0.3009653124  
1.79444685  
0.5266228576  
1.194370312  
0.02221947035  
2.36930109  
0.4869638992  
0.8450508179  
0.4268554565  
-0.0397912376  
0.2019716025  
0.01067735766  
0.5429437565  
-0.7636707781  
1.022339095  
-0.9552492061  
-1.772389966  
0.2985987926  
-0.9508006274  
1.456533007  
-0.8881781998  
0.002710907068  
-0.6885477751  
-0.7213605064  
-1.441122756  
0.4168509986  
-0.2461136836  
-0.5232733422  
0.5754448529  
-0.7817241957  
-0.4764848321  
-1.751193437  
-0.9721178327  
-1.989131743  
-0.194646481  
-1.192783708  
0.6776372803  
0.4163651708  
0.7298059859  
-1.565951692  
-0.5284062567  
-0.8662253889  
-0.8446323931  
0.7311943759  
0.6047416658  
2.348974121  
-0.3769895102  
0.09652541302  
-1.410840533  
-1.229446611  
-0.8521898827  
1.708688943  
1.090461621  
0.1156230207  
0.4811897195  
0.6465842194  
0.7670488194  
0.4866293951  
-2.281526009  
-1.632319068  
-1.17044244  
0.1484106728  
-0.05260074969  
0.04286183416  
-0.4144624588  
2.159640949  
2.055610183  
0.3333184031  
1.685945698  
-0.152101912  
0.8849285846  
-0.6610355085  
0.5484891411  
-0.6743325218  
-0.2276821904  
-0.9109267537  
-0.5020586996  
-1.624084334  
-0.8626874706  
0.8723259666  
-0.5208842302  
1.078209761  
0.1352204885  
0.01543598652  
0.03336527679  
0.2910410691  
-0.2095341773  
-0.4804242743  
0.9638710585  
0.4889220557  
1.292159449  
0.4589804873  
1.608169017  
1.195305863  
0.7939770912  
-0.1667329779  
-0.0356555931  
-2.243163601  
-0.07637006857  
-1.26595907  
-0.640553316  
-1.124577205  
-0.08399641384  
-0.5961961869  
0.6814508387  
0.08463249053  
