0.1526377509  
0.9789908525  
-0.07184399993  
-1.439888558  
-1.25507437  
-0.9181317385  
-0.7551501735  
0.3891687956  
-0.01967747198  
2.224771694  
-0.9821004709  
-0.5282548836  
-0.937045727  
0.8430737415  
-0.1637063098  
0.2641790541  
-0.01117825683  
0.4398020585  
0.2193506037  
1.14736342  
0.8344262166  
1.30538327  
1.375499188  
0.1387989022  
1.573259151  
-1.177698483  
-0.3009434625  
-0.08886743214  
-1.970101252  
-0.1778338016  
-1.173219445  
-0.2175189221  
0.4246534727  
-1.031457754  
0.6664321556  
-0.01520900649  
0.1783131505  
0.7630259273  
2.105538589  
-0.7999916606  
-1.35330076  
0.8986332178  
0.1536619215  
1.523491346  
-1.547869946  
-0.5230132474  
0.2600743824  
1.196849623  
0.5234405268  
-0.3741328167  
0.4699900061  
1.084606467  
-0.09656238022  
-1.150692679  
0.4792819866  
-0.877413415  
0.8406836355  
1.746703504  
-0.845194923  
0.9160344125  
-0.6827510575  
-0.4464396261  
0.1391471671  
0.2032493138  
-0.5073921692  
-0.480870967  
-1.04074475  
-0.4142896099  
0.1878454771  
1.368031962  
-0.06204227935  
0.775278714  
0.1816373742  
-0.4072688699  
1.447534419  
0.0431043301  
0.2955216878  
-1.411041137  
0.4677954307  
0.8973243672  
1.258288734  
-0.3606310524  
0.193549008  
-0.950333095  
-0.07592019233  
-0.8624778837  
-0.3055686076  
0.08757570474  
-0.2287590448  
-1.658957698  
-0.2491583447  
-0.5683355315  
0.3429395955  
-0.9920883811  
-1.205392567  
-1.918322939  
-0.3547428237  
-0.726508117  
-0.403972446  
-0.3279335556  
0.8415693348  
-1.118929249  
0.5739587113  
-0.8856928078  
-0.08815109982  
-0.8655273272  
1.703248431  
0.6014593655  
1.27202133  
1.725847378  
-0.3284886723  
0.4498724524  
-0.7783532911  
2.230623749  
0.07902785909  
-0.3985383736  
-1.137379364  
0.3372341877  
-0.143431878  
0.4214571269  
-0.4193495922  
-0.4178832693  
1.152456134  
-0.8035864123  
1.255068648  
-0.145096834  
0.7514867294  
0.5714366697  
1.961874561  
1.828911601  
0.4398718738  
1.595902869  
0.1593455596  
-0.6166939748  
-1.584621813  
-0.3925185595  
-1.581052548  
0.6009047621  
-0.5718879807  
0.06387101183  
-0.4736274736  
0.2449356203  
-1.368845284  
-1.05430317  
1.255146746  
-0.2670583168  
0.8334695262  
0.09023713542  
-0.5632563567  
-0.07816627953  
-1.319955394  
-0.1400197503  
-1.492032459  
-0.008683660685  
-0.7511068063  
-0.09714190177  
-1.785513995  
0.5012608052  
1.428129787  
1.280331882  
-0.07067027857  
-0.7480260806  
0.5747741957  
0.8817401925  
1.62548488  
-1.05628618  
0.3937140996  
-0.5921023251  
2.438281673  
0.216636824  
1.734947513  
0.6069357705  
0.9656580118  
0.6437686371  
0.04555226337  
0.9831402634  
-0.4006530967  
0.9399964142  
-0.7991558921  
-0.5225245909  
-1.837746454  
-0.3735368218  
-1.601085874  
-0.335592358  
-1.578706216  
-0.7584998352  
-0.1443962981  
-0.6639473729  
-0.5715462822  
-0.3011310267  
-1.492186473  
-0.3269715308  
-1.949151587  
-0.3060078722  
-2.162899922  
0.618439533  
-0.3163124213  
0.1962216527  
0.2260045422  
-0.6791768818  
0.9135738076  
-0.2675999913  
-0.1152365735  
-0.9797955287  
1.801981541  
0.3402380367  
2.39730179  
0.3385380297  
0.5909504415  
1.007896663  
0.9229610199  
1.298809385  
-1.814536503  
-0.4695954011  
-1.726018712  
0.3321827976  
-1.08496185  
0.5857359691  
0.2774322449  
-0.4487214395  
0.4556965788  
0.1349980387  
1.924141018  
-1.381911416  
1.186355614  
-0.5235266659  
1.958403688  
1.997093643  
2.030292912  
-0.3370818453  
0.2217265538  
-0.5483646179  
0.3886691859  
-2.072229376  
-1.658330322  
-2.316045682  
