-1.759172619  
-0.6597087778  
-1.732197142  
0.1468086344  
0.1802297266  
-0.8139916347  
-2.1460727  
0.4189498123  
-0.5182607686  
0.1538792661  
1.036198846  
0.9017665736  
0.1436878501  
0.8745728111  
0.2918368878  
2.048554479  
0.6463973145  
0.7359974683  
0.1811495484  
-0.8985831334  
0.7890347591  
1.229770025  
1.304968887  
1.080296228  
1.642267924  
-1.22584266  
0.369731123  
-1.059238578  
-1.043148782  
-0.6300113174  
1.042824379  
0.619099376  
1.653160109  
-0.4717801595  
0.7667921782  
-0.01826144219  
1.233727327  
1.075083919  
-0.9922591663  
1.296377965  
-0.6538677669  
-0.4862014248  
0.5840354753  
-0.5091088046  
-1.00923025  
-1.527963651  
-1.029030453  
-0.6779144046  
-2.250531043  
-0.7185660891  
-0.6747096297  
0.3650276493  
-1.247424876  
-1.202591829  
-1.949194455  
-1.428295317  
0.4575981968  
-0.5968135115  
-0.2085546795  
0.1180193891  
-2.004581362  
-1.000884879  
-0.4676367426  
0.5699749848  
-1.648566462  
1.508526968  
0.926209206  
0.1769798623  
0.6123416862  
1.107782395  
1.572990934  
1.360318912  
-0.3732033705  
0.6949552113  
-0.1348742105  
0.8480273379  
-0.1832489344  
-0.6716897359  
-0.4896073159  
0.08866752481  
0.9009676537  
1.168774187  
1.190783518  
0.9620747118  
-0.2557241448  
0.5324599438  
-1.744578194  
0.8516627154  
1.875802951  
0.9707720603  
0.2162058517  
0.1622521536  
-0.8399646253  
-0.5917557803  
-1.717108438  
-0.9949411879  
-1.388961228  
0.7581670906  
0.2902689474  
0.4732219002  
-0.1706615558  
-0.7640494398  
-1.31111071  
-0.1786519591  
-1.494024176  
1.150808619  
-0.226353035  
0.6057774268  
0.2345046655  
0.4068147414  
0.2968106166  
0.1185413381  
-0.661982721  
-1.170388517  
0.3279573819  
1.512450811  
1.503981255  
0.7400296923  
0.02222999547  
-1.133752619  
-2.086317462  
-0.1888260202  
0.3021640636  
0.9520357608  
1.676728085  
0.7521029664  
1.970175522  
-1.802442232  
-0.4847731714  
-2.027567567  
-1.230184812  
0.9434198742  
-0.08908584595  
-0.4628895832  
0.3486806789  
0.209931648  
-0.3966193666  
0.5134630212  
-0.2081766537  
-2.521473822  
0.2400232123  
0.6704408911  
2.380423815  
1.404386498  
0.7729375447  
-0.2753634787  
0.600424786  
-0.5975676242  
0.7661451363  
-0.8863942103  
2.06655903  
0.9321735237  
-0.2579415116  
1.504257923  
0.03516851225  
-1.026219921  
-0.6694561782  
1.234459967  
0.8538996884  
-0.05585672278  
-0.1824726681  
-0.02234426214  
0.8686672311  
-1.362120597  
1.271830307  
0.864483971  
0.08866408188  
-0.4893874774  
-0.05329865826  
-0.5492542594  
1.029517738  
-0.3984221277  
-2.172718806  
-0.6915501201  
-0.5809905394  
-1.100879908  
-0.07035991924  
-1.076271943  
-0.9593994561  
0.8410167015  
-0.9567898933  
-0.7527094567  
0.2148828391  
-1.476281509  
-1.069874607  
-1.247803922  
1.087696122  
-0.7461148547  
0.2100421639  
-0.1382273823  
0.587064556  
1.262278599  
-0.2497509695  
0.8119861596  
0.9132402956  
-0.5066987046  
-0.7976573559  
-0.3793517862  
0.2345374924  
0.1582685449  
0.09848047274  
0.5572703073  
0.5367305295  
1.254319563  
0.279549283  
0.305556911  
-1.746501784  
-0.06871316371  
1.845504336  
1.421594609  
-1.302625222  
0.3936921144  
-0.3109752408  
1.249299195  
-0.4577791624  
0.4872606167  
0.8210158546  
0.1830336711  
-0.7979330954  
-0.6110806958  
-0.3545818399  
0.2961881635  
0.6412546005  
2.416721687  
0.5310978318  
-1.819701785  
-1.309738611  
0.2398150537  
-1.080549102  
-1.004567521  
0.5192174954  
-0.9103741505  
-0.5210695871  
-0.09696927627  
0.7209444732  
0.9472109132  
