0.9034838621  
-0.2478485639  
0.7751987731  
-0.2315864252  
0.6518656885  
0.3015353186  
-0.229487507  
0.1641653116  
0.07990548848  
0.3319124183  
-0.1718211659  
-1.323852521  
0.259951282  
-0.7916334048  
-1.8155295  
-1.959589976  
-1.63423571  
1.12215237  
-0.1351554474  
-0.199710505  
-0.4516266383  
0.7579796882  
-1.350786391  
-1.641155329  
-1.252668792  
0.278327988  
-0.5189381705  
1.403093124  
0.09559667042  
-0.4629832505  
0.6228526721  
0.7047668177  
0.6464711875  
0.8438542999  
1.382459554  
2.531055732  
0.8439472485  
0.9289136406  
1.483377641  
1.869770911  
0.9839972477  
-0.5275802203  
0.0005555794884  
1.407691527  
0.9077219106  
0.8754440487  
-0.1944974019  
0.1292735031  
0.2983871949  
-1.92968402  
-0.3073428661  
0.05915850218  
1.243803637  
-0.8283582909  
-0.7344426016  
-0.8072994589  
-2.071805827  
0.2917926146  
-1.367040996  
-0.6720625626  
-0.6919263324  
-0.04708782699  
-0.2059430914  
1.042598024  
-0.3035703764  
-0.5880485002  
-1.446536952  
-2.121091769  
-0.9922292227  
0.8277259101  
0.7199190279  
-0.06205365658  
0.4674686479  
-0.4719190147  
0.9087536585  
-0.4096080316  
0.3772375974  
-0.513344628  
0.4081385284  
-0.3107488684  
1.036620486  
0.3967009417  
0.7589846835  
1.633618456  
0.8516088497  
0.4027249276  
-0.8558105085  
0.8351211215  
1.227614632  
0.7286324262  
0.2454274424  
0.1295625434  
1.90281916  
1.31373821  
-0.6676978091  
-0.5988454426  
0.03290808712  
0.3229379174  
1.568708408  
-1.080608914  
0.4742472497  
-0.609826743  
-1.210404091  
0.05777706051  
0.1799905261  
-0.7679838835  
-1.663395413  
-0.7293632335  
-0.04920558965  
-0.2498224805  
-0.07627837502  
-0.5407986763  
-0.1118345308  
1.807274253  
0.5685080324  
-0.2484933601  
-1.338440715  
0.6257770431  
0.477072442  
-0.5124457766  
-1.084422909  
-0.8707030433  
-1.002240749  
0.4901652122  
-0.02202525966  
0.2784873853  
1.835979962  
3.068894652  
1.653203031  
1.426395073  
-0.8195399635  
0.2394271147  
0.4634807855  
-2.811537628  
-3.607057835  
-1.410189538  
0.801939  
0.267091625  
-0.9460041773  
-0.7629390575  
0.1423653948  
0.5206422757  
-1.007175238  
-1.319049509  
1.112441691  
1.289543604  
0.1824182418  
0.2874989041  
-0.6615075664  
-0.1194016645  
-0.5228441264  
-0.4178454886  
-1.183423925  
0.3034746722  
-0.3071660249  
-0.8278642677  
-1.434017223  
-1.192384529  
0.02194263123  
0.04840214968  
-1.067324618  
-1.693724506  
-0.7899424251  
0.3170199244  
0.7847076187  
-1.18174057  
-0.8687677923  
-0.6494294255  
-0.2353655549  
0.1817865746  
0.9617857212  
0.396491957  
-0.1545442057  
0.0007580984945  
0.2573791257  
1.792335137  
0.4212846556  
-0.2974352789  
-0.7283359154  
-0.5142843012  
-0.6119793654  
-0.4024045042  
0.7732408752  
-0.06861366796  
0.0397613385  
0.6645377484  
0.5656445271  
3.22070208  
1.120303108  
-0.1790169897  
0.8984434757  
1.956020761  
0.8935138718  
1.352720669  
0.3529643774  
1.041216061  
0.9113519098  
-1.190423419  
-0.578528534  
-1.807145831  
0.7796456314  
1.676162098  
1.461157916  
0.4543867502  
-1.457110441  
0.2295137335  
-0.1101394199  
-0.9489187892  
-0.291352665  
0.4185179972  
-1.18297705  
0.164180679  
-0.3929487703  
-0.645834087  
-1.410175837  
-1.350968276  
-0.5438465758  
-0.9120513682  
-0.9061805786  
-0.3632284473  
0.05717184315  
0.554182154  
1.488329605  
1.184494248  
0.8908849113  
0.6870488778  
0.9446594987  
-0.367238589  
0.8707583624  
-0.5998101825  
-0.08453208645  
-0.850752541  
-0.9583377395  
-1.208178915  
-0.1196537675  
0.6771330352  
