0.7712386489  
-1.777369937  
0.5821825377  
-1.38956775  
-0.7717675765  
-1.2123589  
1.241225647  
-1.126546406  
0.2260896807  
-1.249992896  
0.2634083731  
-1.338408182  
-0.8970446105  
0.3089601988  
-0.9283482042  
0.6814182876  
-1.222067026  
0.07665183735  
-0.766715798  
1.963553476  
-1.140032553  
0.7933169437  
-0.3732838053  
1.341312944  
-0.02426472314  
0.2228506  
1.929070532  
2.981421894  
0.5752343671  
1.863342277  
0.5131777657  
1.601125043  
0.5942810921  
2.316481318  
-0.7797662345  
0.05991705549  
1.538633344  
-0.07737635299  
1.594409566  
-0.1152550586  
1.179082323  
-0.1048409286  
-1.375791347  
0.3216671363  
1.426429821  
-0.2671942111  
1.682690638  
0.1646716463  
2.111022412  
-0.422267575  
1.710991413  
0.7617229123  
0.2235856523  
0.3398383571  
-0.5416421845  
0.09442102733  
-1.222699972  
-0.8809369555  
0.02125895069  
-0.8351660798  
0.6983677105  
-0.7760702993  
0.6745230796  
-0.8186654992  
0.8540415209  
-1.177110871  
0.3009616567  
-1.537310041  
0.0006421859697  
-0.7595761883  
1.45921883  
-0.4405283362  
1.167989108  
-0.2094249471  
0.8299266825  
-0.2623957879  
0.6115485729  
-0.1546308075  
0.4550647228  
0.1428470918  
0.02655513299  
-1.026679365  
-0.1706248826  
0.09593007693  
-0.01263521328  
-0.4222984221  
0.8393654924  
-2.845068545  
-1.99364232  
0.3221272626  
-0.7056078041  
1.396176505  
-0.1349375423  
-0.3601938939  
0.09333350112  
-0.05141301819  
0.5420348222  
0.3406215873  
0.8099052771  
-0.4534712618  
-0.03357094051  
-0.4070432266  
1.164392244  
0.3535594197  
0.8630211824  
0.1512849549  
1.592689993  
0.3049402049  
1.696517502  
0.1019012839  
0.902717782  
0.6263818969  
0.7978603111  
1.071455357  
1.049353268  
1.884409867  
0.2721632897  
1.73464133  
0.6348666682  
1.415204682  
-0.5144200977  
0.9367852273  
-0.7036768436  
-0.34759861  
0.7319916062  
-0.7346454757  
-2.482974475  
-0.42046131  
-2.632192354  
-1.314020263  
-0.3647920303  
-1.535991354  
-0.1099367079  
-2.166084276  
-0.2005836315  
-1.601801518  
-0.7842546253  
0.01767692645  
-1.547244369  
0.1554300748  
-1.226350695  
1.130258749  
-1.081898456  
0.9285269027  
-1.028560846  
0.3426056875  
-0.7871757387  
0.2774798912  
-0.5923978273  
0.2424208121  
-0.6465040787  
0.1049791546  
-0.3265621812  
-0.0670675191  
-0.1520922432  
0.2138216345  
-0.197290557  
0.8593807011  
-1.418774583  
1.239400749  
-0.6195826204  
1.796726482  
-0.6634087574  
1.303529139  
-0.548491084  
0.9043172892  
-0.01373758639  
0.1862345051  
0.3799735658  
-0.4268899355  
0.888694263  
-0.6272866517  
1.367346066  
-0.4952721658  
0.8024459348  
-0.8895065979  
0.7745124882  
-0.5345964005  
0.3855084269  
-0.1412055148  
0.2587070176  
0.1912390022  
-0.7906552534  
0.7417474691  
-0.1492561631  
-1.583388794  
-0.4134010552  
-2.391008613  
-0.738765005  
-1.04561798  
-0.2366804607  
-0.1714684458  
-0.7173931605  
-0.6130386509  
-0.8146437086  
-0.003359540796  
-0.8234971908  
1.322246865  
-1.729409179  
0.3173225175  
-2.169242413  
0.4849647951  
-1.180154716  
-0.540067475  
-0.0009187886449  
-1.30650074  
-0.2869786852  
-1.486777059  
0.8426828592  
-1.276952616  
0.9489885325  
-0.604983517  
0.8846703559  
-0.4426890027  
0.4486999499  
0.4917487486  
-0.1969426261  
1.484659726  
-0.6060403019  
1.759316333  
-0.233114463  
0.6759679728  
-0.1879375225  
0.4547614983  
0.9873884491  
-0.3150332166  
0.4012177288  
0.07914052257  
-1.199761011  
1.183133786  
-1.196502357  
1.086685102  
-1.21860657  
0.6098966959  
-1.097123206  
-0.6736160285  
