-0.4304558466  
-0.8727820668  
-0.4246423174  
-0.4078633672  
-0.2879233331  
-1.095196553  
0.227300712  
0.06148228802  
0.3134366807  
-0.3008083077  
0.1454893345  
-0.09448242873  
-0.6289017736  
-1.318353297  
0.8048354231  
0.03374647047  
0.1788964005  
-1.510462168  
2.522889352  
1.084650059  
0.6027320956  
-0.2587783812  
1.237114407  
1.909651053  
0.8876671625  
-0.7482575175  
1.121409842  
-0.01786950413  
2.352775907  
-0.9526348229  
0.7912982312  
1.438482467  
-0.04314123799  
-0.04111783814  
-0.5560582048  
-1.934090098  
0.08573211678  
-0.3684114033  
-1.123517781  
-0.227684328  
-1.05976059  
1.15170182  
-0.1038908535  
1.665816978  
-0.8556158741  
-0.01030939644  
-1.264286467  
-0.3934745441  
-0.3106778549  
1.654716552  
-1.158115974  
-0.7865413475  
-1.258933593  
-0.4760550446  
0.5668118331  
-0.5914708504  
0.9981947082  
-0.1102614896  
1.100074486  
-0.4740708694  
-1.21560224  
-0.7384824105  
-2.053620976  
-1.124216894  
1.961621791  
0.4867994664  
0.2929097204  
-0.4108836292  
-0.620186146  
0.7134536428  
-0.1305826879  
2.187949564  
-0.02703807287  
1.802057702  
0.2073501741  
0.7270718622  
-1.680769169  
0.5741892011  
-0.7589828275  
1.15943476  
-0.5297777061  
1.531409701  
0.9367433094  
1.240873421  
-0.344355805  
0.657030327  
-0.6929303653  
0.1323541618  
1.624542422  
-0.5884977296  
0.9404389807  
-1.315041414  
1.50055801  
-0.8167563324  
-0.5667406651  
0.5348728352  
-2.630758174  
-0.9407435298  
0.5653850483  
0.7066603864  
0.5673712333  
-0.313248444  
-2.333762542  
-0.3232743068  
-0.2561407466  
0.6865719133  
-0.7746584024  
0.06494966412  
-1.160271908  
-0.8470280331  
-1.440540849  
-1.566436658  
-1.504063184  
-0.3520451698  
1.029619638  
-0.3557579692  
0.7664921116  
-2.335408761  
0.1575981416  
-0.07758800654  
2.596957229  
-0.1244354658  
-0.09103681359  
-0.5347293175  
-1.039501659  
-0.03038859706  
1.507642037  
0.6443689359  
0.728942897  
0.7540802467  
0.6410173493  
-0.3628319904  
1.518395487  
0.9157793158  
0.1569149754  
0.4955139613  
-0.3260254389  
-0.6071439804  
1.361460636  
1.823102502  
1.194596723  
-0.1359924523  
-0.3858680908  
-0.3145867551  
-0.6789002347  
0.3835121236  
-0.156307969  
-1.181762939  
-0.2105194823  
-0.127665764  
0.0906852587  
0.5677177513  
0.8653941712  
-2.369694287  
-0.5989899063  
1.086672413  
1.593541515  
-1.095134762  
0.6390546262  
0.2029406041  
0.2611703901  
0.2607984617  
-0.5633892717  
-0.7655053534  
-0.6867409459  
-0.6097284202  
-1.362605161  
0.06535093181  
-0.9695676865  
0.5813743832  
-1.303969117  
0.3316735924  
0.9188896064  
2.006134704  
0.8326000882  
1.184770257  
-1.85132269  
-1.192318508  
-1.464350868  
-0.8394150996  
0.9620021278  
0.005142537366  
-0.3850555669  
-0.04465493583  
1.72231556  
0.5094738279  
-0.8400515562  
0.5023971606  
0.3305189852  
0.5784860151  
-0.3607462807  
0.3588151944  
1.395228852  
-1.147814004  
-1.18237671  
-1.503639795  
0.01562584225  
-0.6390634172  
0.5234689859  
0.1225876016  
0.3063278313  
-0.6232324715  
0.8993642357  
-0.07152466228  
-0.6576637194  
-0.232762337  
0.6226770799  
-0.2495281836  
-1.314979163  
0.3500834592  
1.610304432  
1.848843668  
0.9949698908  
-0.8382549769  
-0.3178021586  
-1.580169975  
1.349702518  
0.7642517799  
1.862257349  
-1.177287222  
-0.2657386241  
-0.8508440836  
-0.7376000808  
-0.2412969335  
0.2275451685  
0.7782823233  
-0.711539258  
-0.08665523897  
1.724931591  
-0.958674971  
0.6536927854  
-0.8796458582  
1.099334674  
0.2640493167  
-1.016632502  
-1.068196743  
