-0.05174332671  
-0.6236324089  
-0.9817148478  
-0.6772825412  
-0.4909656337  
2.087021254  
1.069489302  
-0.2335702834  
-0.7852665956  
-0.7520753713  
-1.023578875  
-0.8417125528  
0.393444051  
1.61593123  
1.4876551  
0.4403383098  
0.6710529428  
0.9982948959  
0.2569628938  
-0.6360859477  
-0.3320678684  
0.7714334932  
1.046957073  
0.6011464587  
0.04625576379  
0.7169716468  
-0.3013744874  
-1.187989206  
-1.662204487  
-0.845618497  
-1.361146882  
0.04714459268  
1.013796559  
1.086056967  
-0.2266136999  
2.595913372  
0.6949177776  
-0.3434472009  
-0.4358029199  
-0.8823278738  
-1.308162289  
-1.545246237  
-0.7071266493  
-0.387150115  
0.1792410921  
-0.5356447221  
-1.141308227  
-1.538849299  
-0.9678460015  
-0.4852883497  
0.4987745357  
-1.539585693  
-0.4569028664  
2.173130435  
1.173359008  
1.779188353  
2.018019112  
1.259037649  
0.7425937727  
-0.087924242  
0.03429451316  
-0.7399545387  
-1.098206645  
-1.030057716  
-0.7380188298  
-1.450781964  
-1.223817277  
-0.4384289661  
1.176240087  
1.081447728  
1.987026612  
1.406853717  
1.31344284  
0.978556231  
1.857971034  
1.657887708  
0.5264590138  
-0.03492874741  
-0.4845364747  
-0.2692085023  
-0.5405967778  
-0.5927794701  
-1.088594809  
-0.880145009  
0.5839311543  
0.6225469872  
-0.4863552386  
-1.717165658  
-0.4181226143  
0.1408470729  
-1.127121416  
-0.6011149443  
-1.082627447  
0.6715031419  
-0.7768704969  
-0.9518361319  
-1.12781551  
-0.9994837913  
-1.326991834  
2.354942936  
0.7127012731  
-0.3846301641  
-0.8634586805  
-1.522755638  
-0.07712238061  
1.911560365  
1.884582953  
0.7680130096  
0.2821351552  
0.2525298992  
0.1039791739  
-0.7403779378  
-1.002229031  
-1.511209393  
-0.2722965521  
-0.6307265965  
-0.8038057688  
-1.542280198  
-1.392051782  
2.182336411  
1.984508348  
0.9208830255  
0.6509036601  
1.653189596  
1.217858232  
0.7242557039  
-1.214498364  
0.3262196136  
-0.3017094163  
-0.3101610555  
-0.1322268449  
0.3899544699  
1.646813004  
2.707712535  
2.577036639  
1.357229751  
1.971450873  
1.275759693  
0.8176957253  
-0.01182073144  
-0.1991514275  
-0.1601096976  
-0.8327635058  
-0.9053949853  
-1.110360419  
-0.8631324138  
-0.7348319142  
-0.6231457325  
-0.5951159389  
-0.1155916018  
0.5876634019  
-0.1576839914  
0.08640329795  
-0.5719626253  
-0.7328249753  
-0.8019443818  
-0.6175443308  
-0.6385743481  
-0.3223129067  
0.4002406005  
-0.3939147886  
-0.598703792  
-1.018133102  
-0.5379513922  
-0.4270353753  
0.3565489326  
-0.09820410638  
0.3053429183  
1.020317397  
0.2973820841  
-0.4758042791  
-0.4638367137  
-0.3938299486  
-0.2129287638  
-0.271031715  
-0.63099345  
-0.588871771  
-0.7404596451  
-0.01607985659  
-0.7370344992  
-0.5423302365  
-0.6283477214  
-0.2602691196  
-0.5808911802  
-0.8325349692  
-0.7950817875  
-0.1580790945  
1.09681913  
0.2405616409  
-0.8919374092  
-1.305097558  
-1.124477351  
0.5404525683  
2.253746907  
1.372424935  
0.9351646722  
0.2040906848  
-0.2832682306  
-0.539505115  
-0.834395338  
0.2277343972  
1.461798714  
1.054904592  
2.043825633  
1.111637986  
0.6965392176  
0.7299568836  
0.9473665418  
0.1877849773  
-0.5756562191  
-0.4175153456  
-1.075919483  
-1.105754407  
-1.771831369  
-1.871586495  
-0.937050689  
0.4065987358  
1.451823683  
1.063483912  
0.4848685436  
-0.2773682983  
-0.03234505701  
0.4398079962  
-0.2104417987  
-0.891842693  
-0.9387414519  
-0.88167238  
0.2966650246  
0.6721659633  
0.6715974392  
-0.3996930817  
0.5194495102  
0.2554283384  
0.370577624  
0.7754165965  
-0.6769091938  
