2.030270165  
-0.2364007954  
2.298184576  
-1.00132991  
0.4808163033  
-0.9488841077  
1.877477429  
-0.7615215285  
1.102628953  
-1.013903898  
0.8821124566  
-1.032426595  
-0.306187527  
0.479250282  
-0.7210942724  
-0.2200972414  
-1.378415369  
-0.7944707871  
-0.966452195  
1.940100047  
-0.8730115126  
0.8574983996  
-0.6274100599  
0.6166110619  
-1.111834232  
0.0346320945  
-1.46988388  
0.4728752848  
-0.1057874128  
-0.3914050483  
-0.9800008623  
0.09027701815  
-0.5344438348  
0.768658047  
-3.255381366  
-1.127570466  
0.3586587468  
-1.402327288  
-0.8961710456  
-1.85337518  
-0.6491277824  
-1.92660951  
-0.4026698946  
-1.732096006  
0.4948274821  
-1.134578045  
-0.2932166712  
-2.314138591  
-0.9684366536  
-1.311441095  
1.00479  
0.2891267169  
0.7912391308  
0.8578820539  
-0.5534519063  
1.061569169  
0.9522840205  
0.1893213025  
1.150068747  
0.1865382742  
1.593974179  
0.607884033  
1.753998542  
0.8887735422  
2.736439261  
0.03920417918  
1.523379402  
0.2384238157  
1.656281604  
-0.1544355183  
1.441659535  
-0.1430595505  
1.516573923  
0.7689670707  
1.24846138  
0.9029768745  
1.27152445  
0.7738458136  
0.120566062  
0.4677370376  
-0.07808945462  
-0.8883319609  
-0.7875788935  
-0.7576859555  
-1.021641328  
-0.5139186411  
-0.5096812969  
2.523961749  
-0.4311164611  
1.682343302  
-0.01586897799  
1.887402231  
-0.05977506434  
0.8981907257  
0.7021998451  
0.8011867361  
0.04269426225  
0.792905299  
-1.075475347  
-0.2561129871  
-0.8705766908  
-0.2984439316  
0.05670929962  
-0.5906559355  
0.2507984642  
-0.504325775  
0.5845453916  
-0.8318645847  
1.009883583  
-1.099693725  
0.4910325013  
-0.8185477613  
-0.1043294717  
-1.095118757  
0.4825877141  
0.4352802719  
-0.1637152926  
0.04787308527  
-0.654287338  
1.220907165  
-0.8222266734  
0.3336236615  
-1.788882675  
0.4190303469  
0.1908557002  
-0.09242380744  
-0.9107926418  
1.159019159  
0.1867281806  
0.1289815213  
1.14586618  
-0.9607867372  
0.7425962189  
-0.4698069973  
1.216796535  
-1.208977418  
-0.4337483539  
-0.01754645977  
-0.9283117898  
-0.05801867496  
-0.6834599423  
1.468311143  
-0.2054563709  
0.8632122885  
-0.5706281253  
0.3232566549  
-0.5416849571  
0.08721687388  
-0.8170190253  
-0.4539051264  
-0.1925696622  
0.004365529988  
-0.1505007745  
-0.7708358847  
0.2364036706  
-0.5912826347  
0.0803903927  
0.5867853331  
-0.6583758695  
1.408965536  
-0.3515107616  
1.257573751  
-0.9860741617  
0.7158070113  
-0.2723257118  
1.604324778  
-1.165661505  
0.09101917861  
-0.1483196316  
0.450864227  
0.9183561873  
-0.3281092634  
0.898157913  
-0.6114048623  
1.42731031  
-0.4607193928  
0.90994681  
-0.674830816  
0.4286659632  
-0.7301292155  
0.2499995795  
-0.3580652503  
-0.1310935966  
1.176272507  
-0.3816644134  
0.9351599329  
0.7104370605  
-2.608385164  
-0.3062312173  
-1.529192048  
-0.7076512616  
-1.768204004  
0.686891243  
-0.2860985023  
-0.009146470729  
0.05712158015  
-0.4011916287  
1.462587223  
-1.267253474  
0.1960851393  
-1.79730304  
1.089867568  
-1.417704836  
0.7126480392  
0.1270268665  
-0.4290716181  
0.04188670862  
-0.3634843723  
1.535788546  
-0.9507675136  
1.588275303  
-1.110881668  
1.240627894  
-1.579861848  
-0.01684252733  
-0.9788692963  
-0.5621335223  
0.9067646581  
-1.075269563  
1.410661219  
-1.053640631  
0.9674854103  
-0.4779471073  
1.547950779  
1.357234461  
0.6824543236  
0.553492026  
-0.1463693912  
-1.160245872  
1.299428444  
-1.203560429  
0.9054277257  
-1.475634648  
0.645687484  
-1.817461772  
-0.6531269925  
