1.578535105  
0.1423502449  
0.5725897492  
-0.6111388361  
-0.6866852288  
-1.225302914  
-1.18698535  
0.1170678636  
1.096298143  
0.7272541423  
1.021255136  
1.473979217  
0.6761936584  
1.486313384  
0.4114183169  
0.6802660107  
-0.1478319303  
-0.7830556708  
-0.3919682132  
-0.9061910936  
-1.265465753  
-0.6775168341  
-2.073725636  
-0.9655617646  
-0.6985895964  
-1.309523326  
-1.224317967  
-0.4107340533  
-1.228615409  
-0.1143490033  
-1.127582665  
-0.85234883  
-0.4052882387  
0.9475058338  
0.5527837844  
-0.1623850915  
-0.04616113722  
-0.08287243728  
0.5143676995  
0.8069596426  
1.202574345  
0.5613654511  
0.8902063356  
0.9254728787  
-0.1178504809  
-0.4941563518  
-0.6249201708  
-1.232610212  
0.7513172473  
1.583321498  
2.410789937  
0.8239005349  
-0.7296722579  
-0.4933315665  
-0.2819569005  
2.066056065  
1.280082487  
0.371190446  
1.001907172  
-0.4312904441  
-0.4010719171  
-0.9216347331  
-0.3481145659  
0.03316237392  
-0.4586367605  
-1.676105096  
-0.8456389474  
-0.3015437936  
0.456722878  
-0.3263499437  
0.1909439968  
-0.04736978907  
1.28649713  
0.5834212279  
0.124552083  
-0.4455730265  
-1.718185524  
-1.174949545  
-0.5514704062  
-0.418445306  
0.7589813579  
0.7683503877  
-0.1533184827  
-0.7009686992  
-0.7668643422  
-0.5261074484  
1.143556123  
0.2002371883  
0.2524199645  
-0.8293039313  
-0.4399613228  
0.9083021052  
0.6165916039  
0.7496822236  
0.3215054106  
-0.2186677487  
-0.1662458249  
0.4111349754  
-0.06733350221  
-0.6227374824  
-0.1894136093  
1.028360976  
0.4077489057  
-0.2250457062  
0.01264572196  
-0.3900938359  
-0.2063873023  
-0.3514015385  
-0.06878232182  
-0.05725624561  
-0.6128328588  
-0.392061714  
0.3037675338  
0.9497982747  
0.4578214837  
-0.3493008787  
-0.1713772333  
0.8505219358  
0.2235029062  
-0.5115245868  
0.4342350624  
1.879285964  
0.9881387322  
0.1765754382  
-0.8894097839  
-0.704570475  
-0.3407522501  
-0.461928736  
-1.055915396  
-1.340442223  
-1.540144935  
-1.528412903  
0.4666510327  
0.1132096257  
-0.9305446085  
-0.2112906986  
0.9729357171  
1.572647604  
2.077915096  
2.683689849  
3.114054853  
3.496525722  
3.198071391  
2.624510137  
0.4462868084  
0.6120963587  
-0.8120378925  
-1.708250094  
-1.150013917  
-0.6780029436  
-0.3983207591  
-1.007937546  
-1.185967363  
-1.138273404  
-1.380667539  
-0.1024103783  
-0.4237331036  
-1.186615321  
-1.358618139  
-1.403855533  
-1.680273452  
-1.755989557  
-0.3643321683  
0.8327386923  
-0.6433493329  
-1.219988671  
-1.598787716  
-0.3553600297  
1.088091534  
-0.006425147057  
-0.9802536728  
-0.831392547  
-0.6007593258  
-0.8462234911  
0.5972794344  
0.9368171372  
1.198731069  
0.8313042408  
-0.5961105511  
-1.162587197  
-0.9217881468  
1.004234151  
1.97576581  
1.362784334  
0.992420276  
1.90161041  
2.770449823  
0.9397883312  
-0.8562110004  
-0.8608317239  
-1.089357974  
-0.01614787741  
0.9474491377  
0.1334990073  
-0.6615988628  
-0.3090067852  
-0.7067358224  
0.3200013783  
-0.02296313974  
0.1310871952  
0.8117243902  
0.9152841181  
-0.04626107653  
-0.7776117201  
-0.5891507033  
-0.03337247971  
1.44100459  
0.1134087475  
-0.7134000422  
0.3903309936  
0.1985256703  
-0.874869937  
-0.9970530993  
-1.205454119  
-1.272864633  
-0.8501228327  
-0.7295837204  
-0.3744119427  
0.9217428281  
1.519162395  
1.026368105  
1.193287692  
1.117346674  
0.1651124621  
0.2457482144  
0.06030602498  
0.2417118964  
0.2872149277  
0.1097725199  
-0.501986364  
-1.05987811  
-0.3565706073  
-0.5967408519  
-0.8635979684  
-0.5309723944  
0.7480693742  
