1.459635996  
-1.471374106  
1.958314048  
-1.690338838  
0.3430022451  
-1.893520306  
1.685100136  
-0.9767661845  
0.9815966871  
-1.253562667  
1.279543573  
-1.200031977  
1.467766961  
2.022888863  
-0.994709475  
-0.04918032476  
0.2606478268  
0.246624765  
-1.229570143  
1.075723198  
-1.447398975  
0.4902437294  
-1.152490219  
0.6818999222  
-1.213698632  
2.092389989  
-0.3871492529  
0.1530676561  
-1.277459768  
-0.07071928203  
-2.007101511  
-0.4074691356  
-0.4911085823  
1.472656884  
-0.2454622064  
-0.8494815881  
0.694427554  
0.3657077594  
0.9675204852  
-0.04773378386  
0.3126244058  
0.5297518684  
0.4660471052  
-0.9157957873  
0.7933742134  
-0.5199011017  
1.657339615  
0.6280883959  
0.5877830811  
-2.24902834  
-0.5893663921  
0.5429201876  
0.07143687127  
1.547326021  
1.012954668  
0.4457554686  
0.5094700372  
-1.665881468  
0.5472640105  
-0.859793489  
0.5190412614  
-1.032043712  
0.2127041295  
-1.402507345  
0.7189614096  
-1.284215998  
0.5521896325  
-1.83148584  
0.2815175398  
-0.4359312862  
0.7866973057  
-1.159578621  
-0.2325394428  
0.08642477516  
-1.033533175  
-0.5475394834  
-0.5735815385  
-0.3618830274  
-0.5042748836  
0.1791828812  
-0.6771388867  
0.2005499688  
0.01628746208  
0.004104067558  
-0.688172256  
0.07223593326  
1.031588984  
1.507072516  
-0.5818330511  
0.7456708366  
-1.430253534  
0.9206315883  
-0.3194406497  
0.5243749431  
-0.4310638302  
0.5271356048  
-0.5230155148  
0.7395355752  
-0.2240806879  
0.3166352788  
-0.8824646268  
0.3043896458  
0.5890608417  
-0.1758802973  
0.03368546987  
0.6169292428  
-0.1921003118  
-1.426786588  
0.7115940604  
-1.189472269  
0.1748571503  
-1.567096784  
0.7170841938  
-0.4248765885  
-0.3991963769  
-0.877865075  
-0.6243986257  
0.5977793762  
-0.5692939538  
2.032734604  
-1.717597329  
0.5051230478  
-0.212901119  
0.5454470343  
0.4151733352  
2.473577233  
-0.1228988676  
0.4020559761  
-0.003148148423  
-0.7488077458  
0.935110539  
0.159033186  
1.468589047  
-1.303282295  
0.8278984458  
-0.4452372637  
0.0002163265363  
0.3873516955  
0.4915591868  
0.3859108333  
-0.997063795  
1.322237965  
-0.07504172854  
1.565448464  
0.3202469406  
0.3604344385  
0.5015666224  
-0.8130286712  
-0.132199488  
-0.4044673686  
0.5104907004  
-0.8123438084  
0.05539749601  
-1.245346252  
0.6650631037  
-0.9478551338  
0.648233941  
1.108509171  
-1.40443636  
0.4258835184  
-1.631230054  
0.8994829938  
-1.164098295  
1.261256373  
-1.229180386  
0.9059378648  
-1.304902472  
0.6019463273  
-0.01301660636  
0.08615878567  
-0.2614907691  
-0.9965771729  
1.204853809  
-1.186529259  
1.053366255  
-0.9673783061  
1.102434909  
-0.9229936182  
0.8171106093  
-0.6685977059  
1.275186237  
0.5384556247  
0.5803513049  
1.00045858  
0.1641559331  
-1.08065918  
2.367058408  
-0.8062812699  
0.4064881514  
-0.9637629155  
1.107544815  
-0.902430619  
1.145837595  
-1.776832452  
-0.1148744335  
0.7249219378  
-0.7266544648  
1.580866795  
-0.2795678998  
0.4794335004  
-1.258476188  
1.17732549  
-0.3946083932  
-0.07019170888  
-0.7595180635  
0.4339806002  
0.3623342717  
-0.7433657346  
0.8178271312  
-1.684556216  
1.021808596  
-1.831044733  
1.477637137  
-1.981256068  
0.1828137742  
-0.961029986  
-0.2039298862  
1.691164528  
-2.056959439  
1.433057571  
-0.8901085432  
1.729705649  
-0.3445341301  
1.379192081  
-0.4612716156  
0.4058855455  
-0.3880007533  
0.5586273285  
-1.755240051  
0.7096358584  
-1.711577621  
1.941178991  
-1.032290604  
1.546211909  
-0.4249725353  
0.3714812984  
