0
6.03926 
5.43428 
6.00489 
5.62206 
6.80662 
6.28271 
5.84424 
5.49847 
5.72784 
5.31967 
5.56947 
5.61252 
5.32984 
5.47307 
6.00904 
6.94659 
5.31212 
5.22842 
6.01458 
6.14285 
5.92461 
6.29985 
5.66846 
5.53102 
5.56125 
6.82093 
7.4886 
6.85885 
4.97467 
6.2773 
4.95523 
4.74952 
5.34981 
5.97902 
5.03941 
6.24768 
5.48821 
5.68386 
5.57676 
6.1626 
5.3729 
6.20174 
5.05515 
6.87519 
6.5927 
5.00566 
5.24746 
7.33319 
5.18388 
5.63972 
5.31826 
5.72039 
5.6333 
5.3164 
7.42947 
6.69504 
7.17246 
5.59238 
5.59894 
5.61023 
5.16767 
4.98295 
5.49278 
6.0135 
5.22457 
5.09428 
5.08287 
5.69284 
5.38518 
5.06109 
5.35499 
6.19007 
5.41444 
6.04295 
5.24398 
5.549 
5.42439 
5.26909 
5.08531 
6.00941 
5.65376 
5.49933 
5.5269 
5.34761 
5.08397 
5.89429 
5.24597 
5.52547 
9.3214 
6.45074 
5.27869 
6.43161 
5.40156 
6.75564 
5.40838 
4.87799 
5.08713 
6.78034 
5.47192 
5.68146 
5.6756 
6.04705 
5.65902 
5.24363 
5.4973 
4.86905 
5.09377 
5.39022 
6.00251 
6.33686 
5.33677 
5.55533 
6.91274 
5.19869 
5.87787 
5.99903 
6.05255 
5.7036 
5.68639 
5.81779 
5.46496 
5.20992 
5.64618 
5.73588 
5.43742 
4.94703 
6.24499 
7.2034 
6.13612 
5.49258 
6.65117 
5.89917 
7.07987 
5.72601 
5.89651 
5.94998 
6.03759 
4.7117 
5.41859 
5.85633 
6.19602 
5.76238 
5.44665 
5.11793 
6.38045 
7.33754 
5.19271 
5.3717 
5.10533 
6.22542 
5.18314 
5.21725 
6.26128 
6.16855 
5.55376 
5.71085 
5.91162 
7.16156 
6.91288 
5.97491 
5.02961 
5.06974 
5.80804 
6.02401 
6.14238 
5.19732 
5.10122 
5.61406 
6.08025 
5.15274 
5.31517 
6.02446 
5.27266 
5.96271 
5.29138 
5.84306 
5.29204 
6.22348 
5.67391 
5.61545 
6.86038 
5.88617 
6.04284 
5.51678 
5.15408 
5.53558 
7.09737 
6.08066 
5.62773 
5.75751 
6.91715 
6.40877 
6.10154 
4.94714 
5.64203 
5.38644 
5.38327 
5.27866 
5.37828 
5.32302 
5.54681 
5.67564 
5.19201 
6.31023 
5.16612 
6.89013 
5.63079 
5.74762 
5.58198 
6.29973 
5.4858 
5.84824 
4.99777 
4.84193 
6.05592 
5.41286 
5.16271 
5.95328 
5.4162 
5.57005 
4.77509 
6.3011 
6.07305 
5.95534 
6.12631 
5.84787 
5.28423 
5.24268 
5.51129 
5.31403 
5.28415 
5.1552 
4.69397 
6.23027 
5.36551 
