0
0.0143555 
0.0239309 
0.0129784 
0.00539315 
0.0202332 
0.0232508 
0.0135644 
0.00354619 
0.00654045 
0.00299426 
0.00663178 
0.00111453 
0.00700421 
0.0141494 
0.0337512 
0.0359141 
0.00453572 
0.0165695 
0.00537627 
0.0094259 
0.0134232 
0.0113973 
0.0122252 
0.0038521 
0.007273 
0.0102444 
0.0197603 
0.0126826 
0.00463394 
0.00463394 
0.0109701 
0.00448629 
0.0144059 
0.0192873 
0.0181111 
0.0145293 
0.0148442 
0.0122318 
0.015771 
0.024535 
0.0392825 
0.0222331 
0.00302338 
0.00952749 
0.0206466 
0.0233406 
0.0227212 
0.0172856 
0.00320503 
0.0123359 
0.0176088 
0.0155552 
0.0119602 
0.0076326 
0.00678741 
0.0274083 
0.0197773 
0.0265773 
0.0242954 
0.0181704 
0.0276536 
0.0237426 
0.0362231 
0.0291294 
0.0315191 
0.0264911 
0.0131536 
0.0152883 
0.0210504 
0.0219384 
0.00830311 
0.0159202 
0.0133293 
0.010841 
0.00437408 
0.00829831 
0.020802 
0.0271926 
0.0146889 
0.0151915 
0.0110791 
0.0241966 
0.00931489 
0.0157171 
0.0282214 
0.0125043 
0 
0.0069719 
0.0250457 
0.0127007 
0.0148294 
0.0211939 
0.0221756 
0.0112814 
0.0291061 
0.0299592 
0.012277 
0.0176925 
0.0119439 
0.0105966 
0.0180911 
0.0229284 
0.0184093 
0.0274917 
0.012634 
0.0112051 
0.00852188 
0.0126415 
0.00978324 
0.00917829 
0.00623473 
0.0137521 
0.0162368 
0.0107804 
0.0143648 
0.0245233 
0.0254382 
0.00971835 
0.00518265 
0.0168808 
0.0202158 
0.0124674 
0.00952249 
0.0144047 
0.0246351 
0.0158067 
0.0121705 
0.00377686 
0.0128771 
0.0221627 
0.0310302 
0.0386943 
0.0217053 
0.0160295 
0.00509606 
0.0194169 
0.00899685 
0.0124068 
0.0165524 
0.0146395 
0.0128826 
0.0135625 
0.0161974 
0.0133325 
0.0131903 
0.00791322 
0.00811405 
0.015314 
0.0131857 
0.0209968 
0.0210792 
0.0173419 
0.0277429 
0.0183968 
0.028473 
0.00789185 
0.0367263 
0.0336441 
0.0238011 
0.0196938 
0.00852822 
0.00344567 
0.00929404 
0.0192779 
0.0162045 
0.00793249 
0.00579836 
0.00554513 
0.0152518 
0.00351599 
0.0094997 
0.00557508 
0.0189794 
0.01221 
0.0192901 
0.017177 
0.00702134 
0.00982795 
0.03107 
0.01632 
0.00890767 
0.013503 
0.0133899 
0.00973545 
0.0101532 
0.0206695 
0.00347946 
0.0293466 
0.0332046 
0.0105946 
0.0334873 
0.0309749 
0.00422414 
0 
0.00331143 
0.0143873 
0.0141109 
0.00850198 
0.00490558 
0.00555983 
0.00551826 
0.0239768 
0.00947325 
0.00428131 
0.0129188 
0.0172267 
0.0134037 
0.0106625 
0.0131988 
0.0101053 
0.00821579 
0.0076539 
0.0156848 
0.00688259 
0.0158227 
0.00866873 
0.0134003 
0.00912416 
0.00851826 
0.0321409 
0.0235009 
0.0053174 
0.0114925 
0.00699375 
0.0170122 
0.00852015 
0.0156672 
0.0114976 
0.022604 
0.0249148 
0.00915555 
0.00591842 
0.00159205 
0.00639724 
0.0211676 
